service_id,monday,tuesday,wednesday,thursday,friday,saturday,sunday,start_date,end_date
IDFM:1,1,1,1,1,1,0,0,20250618,20250704
IDFM:10,0,0,1,0,0,0,0,20250618,20250702
IDFM:11,1,1,0,1,1,0,0,20250619,20250704
IDFM:101,0,1,0,1,0,0,0,20250715,20250717
IDFM:1000,0,0,0,0,0,1,0,20250621,20250712
IDFM:1001,0,0,0,0,0,0,1,20250622,20250706
IDFM:1003,1,1,1,1,1,0,0,20250707,20250711
IDFM:1104,0,0,0,0,0,0,1,20250713,20250713
IDFM:1115,1,1,1,1,1,0,0,20250618,20250711
IDFM:1238,1,1,1,1,1,0,0,20250618,20250717
IDFM:1294,1,1,1,1,1,1,1,20250618,20250717
IDFM:2784,0,1,0,1,0,0,0,20250619,20250703
IDFM:7305,0,1,1,1,1,1,1,20250618,20250713
IDFM:10000,1,1,1,1,1,0,0,20250618,20250717
IDFM:10071,1,0,0,0,0,0,0,20250714,20250714
IDFM:10082,0,0,0,0,0,0,1,20250622,20250713
IDFM:10431,0,0,1,0,0,0,0,20250618,20250716
IDFM:10940,1,1,1,1,1,1,0,20250618,20250717
IDFM:11079,0,0,1,0,0,1,0,20250618,20250705
IDFM:11083,1,1,1,1,1,1,0,20250618,20250705
IDFM:11097,0,0,0,0,0,1,0,20250621,20250705
IDFM:11178,0,0,0,0,0,1,0,20250712,20250712
IDFM:11633,0,0,0,0,0,1,0,20250621,20250717
IDFM:11638,0,0,0,0,0,1,1,20250621,20250713
IDFM:12581,1,1,1,1,1,1,0,20250618,20250712
IDFM:12942,0,0,0,0,0,1,1,20250621,20250714
IDFM:13010,1,1,1,1,1,0,1,20250618,20250717
IDFM:13037,0,0,0,0,1,1,0,20250620,20250712
IDFM:15050,1,1,1,1,1,1,1,20250618,20250717
IDFM:16089,0,0,1,0,1,0,0,20250618,20250711
IDFM:16092,0,0,1,0,0,0,0,20250716,20250716
IDFM:16099,1,1,0,1,0,0,0,20250619,20250710
IDFM:16757,0,1,0,0,0,0,0,20250715,20250715
IDFM:16810,0,0,1,1,0,0,0,20250716,20250717
IDFM:16854,1,0,0,0,0,0,0,20250623,20250707
IDFM:16887,0,1,1,1,1,1,0,20250618,20250712
IDFM:17436,1,1,0,1,1,0,0,20250619,20250711
IDFM:17478,0,0,1,0,0,0,0,20250618,20250709
IDFM:21548,0,1,1,1,0,0,0,20250707,20250717
IDFM:26220,0,0,1,1,0,0,0,20250618,20250717
IDFM:30069,0,0,0,0,0,0,1,20250622,20250714
IDFM:38508,0,1,1,1,1,1,1,20250701,20250717
IDFM:38607,0,1,1,1,1,0,1,20250701,20250717
IDFM:44893,1,1,1,1,1,0,1,20250618,20250713
IDFM:44897,1,1,1,1,1,0,1,20250618,20250713
IDFM:58683,0,0,0,1,1,0,0,20250619,20250627
IDFM:58690,1,0,1,0,0,0,0,20250618,20250630
IDFM:79033,1,1,1,1,1,1,1,20250618,20250704
IDFM:86572,0,0,0,0,0,1,1,20250621,20250714
IDFM:86594,1,0,1,1,1,0,1,20250618,20250714
IDFM:86666,1,0,1,1,1,0,0,20250618,20250714
IDFM:86680,0,0,0,0,0,1,1,20250701,20250714
IDFM:88654,0,1,0,1,0,0,0,20250701,20250710
IDFM:88942,0,0,1,0,1,0,0,20250702,20250711
IDFM:91685,0,0,0,0,0,1,0,20250621,20250712
IDFM:98668,1,0,1,1,1,0,0,20250618,20250630
IDFM:98675,0,0,1,1,1,0,0,20250702,20250717
IDFM:100000,0,0,0,0,0,0,1,20250622,20250629
IDFM:100041,0,0,0,0,0,1,0,20250621,20250628
IDFM:100118,0,0,0,0,1,0,0,20250620,20250627
IDFM:100257,0,0,0,0,0,1,0,20250621,20250712
IDFM:100272,0,0,0,0,0,1,0,20250705,20250712
IDFM:100273,0,1,1,1,1,0,0,20250701,20250717
IDFM:100299,0,1,1,1,0,0,0,20250621,20250717
IDFM:100459,0,0,0,0,1,0,0,20250704,20250711
IDFM:100515,0,1,1,1,0,1,0,20250621,20250717
IDFM:100518,0,1,1,1,0,0,0,20250701,20250717
IDFM:100631,0,0,0,0,0,0,1,20250706,20250714
IDFM:100635,0,0,0,0,0,0,1,20250706,20250706
IDFM:100738,1,0,0,0,0,0,0,20250618,20250714
IDFM:100776,0,0,1,1,1,0,0,20250618,20250627
IDFM:100969,1,1,1,1,1,0,0,20250630,20250717
IDFM:101005,0,0,1,1,1,1,0,20250618,20250628
IDFM:101503,0,0,0,0,0,0,1,20250622,20250714
IDFM:101601,1,0,1,1,1,0,0,20250618,20250630
IDFM:101619,1,0,1,1,1,1,0,20250618,20250630
IDFM:102374,1,1,1,1,1,0,1,20250701,20250717
IDFM:102406,0,0,0,1,0,0,0,20250619,20250626
IDFM:102407,1,0,1,0,1,0,0,20250618,20250630
IDFM:102415,0,0,1,1,0,0,0,20250618,20250626
IDFM:102425,1,0,0,1,1,0,0,20250619,20250630
IDFM:102428,1,0,0,0,1,0,0,20250620,20250630
IDFM:102717,0,0,1,0,0,0,0,20250618,20250625
IDFM:103098,0,1,1,1,1,0,0,20250701,20250704
IDFM:103307,0,0,0,0,1,0,0,20250704,20250704
IDFM:103312,0,0,0,1,0,0,0,20250703,20250703
IDFM:103367,0,0,0,0,0,1,0,20250701,20250712
IDFM:103421,0,1,1,0,1,0,0,20250701,20250704
IDFM:103560,0,1,1,1,0,0,0,20250707,20250717
IDFM:103565,1,1,1,1,1,0,0,20250618,20250717
IDFM:103731,0,0,0,0,1,0,0,20250711,20250711
IDFM:103737,0,0,0,0,0,0,1,20250706,20250713
IDFM:103765,0,0,0,1,0,0,0,20250710,20250717
IDFM:103898,0,1,1,0,0,0,0,20250707,20250716
IDFM:104053,1,1,1,1,1,0,0,20250618,20250703
IDFM:104089,1,0,1,1,1,0,0,20250618,20250704
IDFM:104274,0,0,0,0,1,0,0,20250620,20250704
IDFM:104446,1,0,1,1,0,0,0,20250618,20250630
IDFM:104584,0,1,1,1,0,0,0,20250701,20250703
IDFM:105138,0,0,0,0,0,1,1,20250705,20250714
IDFM:105263,0,1,1,1,0,0,0,20250707,20250717
IDFM:105395,0,1,1,1,1,0,0,20250704,20250717
IDFM:105472,0,0,0,0,0,1,0,20250705,20250714
IDFM:105669,1,0,0,0,0,0,0,20250630,20250630
IDFM:106494,0,1,1,1,1,0,0,20250701,20250711
IDFM:107213,0,1,1,1,0,0,0,20250715,20250717
IDFM:108399,0,0,0,0,0,0,1,20250629,20250629
IDFM:108401,0,0,0,0,0,0,1,20250622,20250622
IDFM:108494,0,0,0,0,0,1,0,20250621,20250621
IDFM:109040,0,0,0,0,0,1,0,20250628,20250628
IDFM:110632,0,0,1,1,0,0,0,20250618,20250626
IDFM:111149,0,1,1,1,1,1,0,20250701,20250717
IDFM:111153,0,1,1,1,0,0,0,20250701,20250710
IDFM:111787,0,0,0,0,1,0,0,20250704,20250717
IDFM:112101,1,0,0,1,0,0,0,20250619,20250630
IDFM:112109,1,0,0,1,0,1,0,20250619,20250630
IDFM:113026,0,0,1,0,1,0,0,20250618,20250627
IDFM:113954,1,1,1,1,0,0,0,20250630,20250717
IDFM:115356,1,1,1,1,0,0,0,20250618,20250717
IDFM:115539,0,0,0,0,1,0,0,20250620,20250711
IDFM:115614,0,0,0,0,0,0,1,20250622,20250714
IDFM:115617,0,0,0,0,0,0,1,20250621,20250714
IDFM:115854,0,0,0,0,0,1,1,20250621,20250629
IDFM:117862,0,0,1,0,0,0,0,20250702,20250716
IDFM:117914,0,1,0,1,1,0,0,20250701,20250717
IDFM:118177,1,0,1,1,0,0,0,20250618,20250706
IDFM:118253,1,1,1,1,0,0,0,20250618,20250717
IDFM:118278,0,0,0,0,1,0,0,20250620,20250714
IDFM:118280,0,0,0,0,0,1,0,20250620,20250714
IDFM:118285,1,1,1,1,1,0,0,20250623,20250627
IDFM:118947,0,0,1,1,1,0,0,20250618,20250620
IDFM:120216,1,0,1,1,1,0,1,20250618,20250630
IDFM:122909,0,0,0,0,1,1,0,20250704,20250712
IDFM:123927,0,0,0,0,0,1,0,20250621,20250717
IDFM:125431,1,1,1,1,0,0,0,20250618,20250703
IDFM:126952,1,0,0,0,0,0,0,20250623,20250630
IDFM:127204,1,0,0,0,0,0,0,20250623,20250630
IDFM:127261,0,0,1,0,0,0,0,20250625,20250625
IDFM:127523,0,0,0,1,1,0,0,20250619,20250620
IDFM:127595,0,0,1,0,0,0,0,20250618,20250618
IDFM:129621,0,0,0,0,1,1,0,20250620,20250628
IDFM:129904,1,0,1,0,0,0,0,20250618,20250630
IDFM:130574,0,0,1,1,1,0,1,20250618,20250629
IDFM:131090,0,0,0,0,1,0,1,20250620,20250629
IDFM:132892,1,1,1,1,1,1,0,20250630,20250717
IDFM:133118,0,0,1,1,0,0,0,20250618,20250627
IDFM:133123,0,0,1,1,0,0,0,20250618,20250626
IDFM:133318,0,0,0,0,1,0,0,20250627,20250627
IDFM:133591,0,0,0,0,1,0,0,20250620,20250620
IDFM:134583,0,0,1,1,0,0,0,20250618,20250627
IDFM:134585,1,0,0,0,0,0,0,20250623,20250623
IDFM:134586,1,0,0,0,1,0,0,20250623,20250627
IDFM:134926,0,1,1,1,0,0,0,20250701,20250717
IDFM:135979,0,0,0,0,0,1,1,20250621,20250717
IDFM:135982,0,0,0,0,0,0,1,20250622,20250717
IDFM:136467,0,0,0,0,0,1,0,20250621,20250712
IDFM:136662,0,0,0,0,0,1,0,20250621,20250717
IDFM:136664,1,0,1,1,0,0,1,20250618,20250630
IDFM:137990,1,1,1,1,0,0,0,20250618,20250717
IDFM:138455,0,0,0,0,0,1,0,20250621,20250630
IDFM:139674,0,0,0,0,0,1,0,20250618,20250712
IDFM:143905,0,0,1,1,1,0,0,20250618,20250711
IDFM:144732,0,1,1,1,1,0,0,20250620,20250717
IDFM:146007,0,0,0,0,1,0,0,20250620,20250630
IDFM:146053,0,0,0,0,1,0,0,20250701,20250711
IDFM:146112,0,1,1,1,1,0,0,20250701,20250717
IDFM:147054,1,1,1,1,0,0,0,20250707,20250710
IDFM:148620,0,0,0,0,1,0,0,20250620,20250627
IDFM:148621,0,1,0,0,0,0,0,20250624,20250624
IDFM:149268,0,1,0,0,1,0,0,20250701,20250715
IDFM:149279,1,0,1,1,0,0,0,20250630,20250717
IDFM:149283,0,1,0,0,0,0,0,20250701,20250715
IDFM:149796,1,0,1,1,1,0,0,20250630,20250717
IDFM:149904,0,0,1,1,0,0,0,20250618,20250626
IDFM:150435,0,0,1,1,1,0,0,20250618,20250627
IDFM:155454,1,1,1,1,1,0,0,20250630,20250711
IDFM:155611,0,0,0,0,0,1,0,20250620,20250712
IDFM:155745,0,0,1,1,0,0,1,20250618,20250629
IDFM:156664,1,1,1,1,0,0,0,20250630,20250717
IDFM:156749,0,0,0,0,1,0,0,20250704,20250714
IDFM:156765,1,1,0,1,0,0,0,20250619,20250703
IDFM:157264,0,0,1,0,1,0,0,20250618,20250704
IDFM:157400,0,0,0,0,0,0,1,20250622,20250714
IDFM:157533,0,0,0,0,0,1,0,20250705,20250713
IDFM:157725,0,1,0,1,0,0,0,20250707,20250717
IDFM:157726,0,1,0,1,0,0,0,20250707,20250717
IDFM:157730,0,0,1,0,0,0,0,20250709,20250716
IDFM:157918,0,0,1,0,0,0,0,20250709,20250716
IDFM:158281,1,0,1,1,0,0,0,20250618,20250630
IDFM:159712,0,0,0,0,1,1,0,20250618,20250712
IDFM:160098,0,0,0,0,1,0,0,20250618,20250712
IDFM:160881,0,1,1,1,0,0,0,20250622,20250717
IDFM:160909,0,0,0,0,0,1,0,20250618,20250712
IDFM:162090,1,0,0,0,0,0,0,20250618,20250714
IDFM:162935,0,0,0,0,1,1,0,20250704,20250714
IDFM:163266,1,0,1,1,1,1,0,20250618,20250704
IDFM:163761,1,1,1,1,0,1,1,20250705,20250717
IDFM:163800,0,1,1,1,0,1,0,20250705,20250717
IDFM:164041,0,1,1,1,0,1,0,20250705,20250717
IDFM:164302,0,0,0,0,0,1,0,20250705,20250714
IDFM:170661,0,0,0,0,0,0,1,20250622,20250630
IDFM:170662,0,0,0,0,0,1,0,20250618,20250712
IDFM:171285,0,0,0,0,0,1,0,20250618,20250712
IDFM:171446,0,0,0,1,1,0,0,20250619,20250627
IDFM:173526,1,1,1,1,1,0,0,20250630,20250704
IDFM:173529,0,0,1,0,0,0,0,20250702,20250702
IDFM:173535,1,1,0,1,1,0,0,20250630,20250704
IDFM:173864,1,0,0,0,0,0,1,20250630,20250714
IDFM:173914,1,1,1,1,1,0,0,20250630,20250717
IDFM:175633,0,0,1,1,1,0,0,20250618,20250712
IDFM:175872,1,1,1,1,0,0,1,20250706,20250717
IDFM:177058,0,0,0,0,0,0,1,20250701,20250714
IDFM:178463,1,0,1,1,1,1,1,20250618,20250630
IDFM:179946,0,0,0,0,0,1,0,20250621,20250704
IDFM:183857,1,1,1,1,1,0,0,20250618,20250717
IDFM:190284,0,0,0,0,0,0,1,20250629,20250714
IDFM:192035,1,0,1,0,1,0,0,20250618,20250630
IDFM:192043,1,1,1,1,1,0,0,20250618,20250717
IDFM:192394,0,0,0,1,0,0,0,20250619,20250619
IDFM:200537,1,1,1,1,0,0,0,20250707,20250717
IDFM:204933,1,1,1,1,1,1,1,20250701,20250717
IDFM:216582,1,1,1,1,0,0,0,20250618,20250704
IDFM:217276,0,0,0,0,1,0,0,20250620,20250704
IDFM:222191,0,0,0,0,0,1,0,20250621,20250714
IDFM:225065,1,1,1,1,1,0,0,20250618,20250717
IDFM:225896,1,1,1,1,1,0,0,20250618,20250717
IDFM:226584,0,0,1,1,1,0,0,20250618,20250627
IDFM:226590,1,0,0,0,0,0,0,20250623,20250630
IDFM:226790,0,1,1,1,1,0,0,20250701,20250717
IDFM:226980,1,0,0,0,0,0,0,20250707,20250707
IDFM:228203,0,0,0,0,0,1,0,20250621,20250713
IDFM:229868,0,1,0,1,1,0,0,20250701,20250711
IDFM:229927,0,0,1,0,0,0,0,20250702,20250709
IDFM:230156,0,0,0,0,0,1,0,20250705,20250717
IDFM:231457,0,1,1,1,1,0,0,20250618,20250717
IDFM:240203,1,1,1,1,1,1,0,20250619,20250717
IDFM:240205,1,1,1,1,1,1,0,20250618,20250717
IDFM:240303,0,1,1,1,0,1,0,20250621,20250717
IDFM:240733,0,1,1,1,0,0,0,20250622,20250717
IDFM:240966,0,1,1,1,0,0,1,20250622,20250717
IDFM:241087,0,0,1,0,0,0,1,20250618,20250716
IDFM:241093,0,0,1,0,0,0,0,20250618,20250716
IDFM:241189,0,1,1,1,0,1,1,20250621,20250717
IDFM:241213,0,0,0,0,0,0,1,20250622,20250704
IDFM:241344,1,1,1,1,1,0,1,20250618,20250717
IDFM:241441,0,1,1,1,0,1,0,20250621,20250717
IDFM:241442,1,1,1,1,1,1,0,20250618,20250717
IDFM:242608,0,0,1,0,0,1,0,20250618,20250716
IDFM:242612,1,1,0,1,1,0,0,20250619,20250717
IDFM:243250,1,1,1,1,1,1,1,20250630,20250717
IDFM:243265,0,0,0,0,0,1,0,20250705,20250714
IDFM:243278,0,0,0,0,0,1,0,20250621,20250714
IDFM:243286,0,0,0,0,0,0,1,20250628,20250713
IDFM:243299,1,1,1,1,0,1,0,20250621,20250717
IDFM:243311,1,1,1,1,0,1,0,20250621,20250717
IDFM:243318,0,0,0,0,0,0,1,20250622,20250713
IDFM:243323,0,0,0,0,0,1,0,20250621,20250714
IDFM:243327,0,0,0,0,0,0,1,20250620,20250713
IDFM:243340,0,0,0,0,0,0,1,20250706,20250713
IDFM:243379,0,0,0,0,0,1,0,20250621,20250714
IDFM:243393,0,1,1,1,0,0,1,20250706,20250717
IDFM:243407,0,0,0,0,0,1,1,20250628,20250713
IDFM:243415,0,1,1,1,0,0,1,20250706,20250717
IDFM:243437,1,1,1,1,0,0,1,20250618,20250717
IDFM:243447,0,0,0,0,0,0,1,20250630,20250713
IDFM:243450,0,0,0,0,0,0,1,20250622,20250713
IDFM:243452,0,1,1,1,0,0,0,20250628,20250717
IDFM:243465,0,0,0,0,0,1,0,20250621,20250714
IDFM:243522,0,1,1,1,0,0,0,20250628,20250717
IDFM:243532,1,1,1,1,0,1,0,20250621,20250717
IDFM:243590,0,1,1,1,0,0,0,20250628,20250717
IDFM:243670,0,1,1,1,0,1,0,20250628,20250717
IDFM:243741,0,0,0,0,0,1,0,20250621,20250717
IDFM:243746,0,0,0,0,0,1,0,20250621,20250714
IDFM:243750,0,0,0,0,0,1,0,20250621,20250714
IDFM:243876,0,0,0,0,0,1,0,20250618,20250714
IDFM:243882,0,0,0,0,0,1,1,20250628,20250713
IDFM:243931,0,0,0,0,0,1,0,20250620,20250714
IDFM:244108,0,0,0,0,0,1,0,20250621,20250714
IDFM:244139,1,1,1,1,0,0,0,20250621,20250717
IDFM:244163,1,0,0,0,0,1,0,20250621,20250714
IDFM:244210,0,0,0,0,1,0,0,20250620,20250717
IDFM:244448,0,0,0,0,0,0,1,20250622,20250717
IDFM:244519,0,0,0,0,0,1,0,20250628,20250712
IDFM:244763,0,0,0,0,1,0,0,20250620,20250704
IDFM:244806,0,0,0,0,0,1,0,20250621,20250714
IDFM:244811,0,0,0,0,1,1,0,20250620,20250714
IDFM:244816,0,0,0,0,1,1,0,20250620,20250714
IDFM:244817,0,0,0,0,0,1,0,20250621,20250714
IDFM:244818,0,0,0,0,0,1,0,20250628,20250714
IDFM:244839,0,0,0,0,0,1,1,20250622,20250712
IDFM:244951,0,0,0,0,0,1,0,20250628,20250712
IDFM:244958,0,0,0,0,0,1,0,20250621,20250714
IDFM:244960,0,0,0,0,0,1,0,20250621,20250714
IDFM:244961,0,0,0,0,0,1,0,20250621,20250714
IDFM:244969,0,0,0,0,0,0,1,20250622,20250629
IDFM:244971,0,0,0,0,0,1,0,20250618,20250714
IDFM:244995,0,0,0,0,0,1,0,20250621,20250714
IDFM:245008,0,0,0,0,0,1,0,20250621,20250714
IDFM:245051,0,0,1,1,0,0,0,20250618,20250628
IDFM:245063,0,0,0,0,1,0,0,20250620,20250717
IDFM:245064,0,0,0,0,0,1,0,20250621,20250714
IDFM:245070,0,0,1,1,0,1,0,20250618,20250712
IDFM:245184,1,1,1,1,0,1,0,20250621,20250717
IDFM:245283,0,0,0,0,1,0,1,20250620,20250629
IDFM:245308,0,0,0,0,1,0,0,20250620,20250628
IDFM:245320,0,0,0,0,1,0,0,20250620,20250627
IDFM:245405,0,0,1,1,1,1,1,20250618,20250629
IDFM:245449,1,1,1,1,0,1,0,20250618,20250717
IDFM:245453,0,0,1,1,0,0,1,20250618,20250629
IDFM:245468,0,0,1,1,1,0,1,20250618,20250629
IDFM:245490,0,0,0,0,0,0,1,20250622,20250712
IDFM:245493,0,0,0,0,0,1,0,20250621,20250714
IDFM:245505,0,0,0,0,0,0,1,20250622,20250704
IDFM:245568,0,0,0,0,0,1,0,20250621,20250717
IDFM:245724,0,0,0,0,0,1,0,20250620,20250714
IDFM:245762,1,1,1,1,0,0,0,20250623,20250717
IDFM:245763,0,1,1,1,0,0,0,20250618,20250717
IDFM:246019,0,0,0,0,0,1,0,20250618,20250714
IDFM:246153,0,0,0,0,0,1,0,20250620,20250714
IDFM:246785,0,1,1,1,0,0,0,20250622,20250717
IDFM:246791,0,0,0,0,0,0,1,20250622,20250704
IDFM:246808,0,1,1,1,0,0,0,20250622,20250717
IDFM:246857,0,0,0,0,0,1,0,20250621,20250717
IDFM:246888,0,1,1,1,0,0,0,20250622,20250717
IDFM:247002,0,0,0,0,0,1,0,20250621,20250714
IDFM:247438,0,0,0,0,0,1,0,20250621,20250717
IDFM:247457,0,1,1,1,0,0,0,20250618,20250717
IDFM:248493,0,0,0,0,0,1,0,20250621,20250714
IDFM:248570,0,0,0,0,0,0,1,20250621,20250629
IDFM:248656,0,0,1,1,0,1,0,20250618,20250628
IDFM:248676,0,1,1,1,0,0,0,20250621,20250717
IDFM:248747,0,1,1,1,0,0,0,20250620,20250717
IDFM:249086,0,1,1,1,0,0,0,20250622,20250717
IDFM:249335,1,1,1,1,0,1,0,20250630,20250717
IDFM:249474,0,0,0,0,0,1,0,20250628,20250712
IDFM:250236,0,0,0,0,0,1,0,20250620,20250712
IDFM:250249,0,0,0,0,1,0,0,20250621,20250711
IDFM:250494,1,1,1,1,1,1,1,20250618,20250717
IDFM:250513,0,0,1,1,0,0,1,20250618,20250706
IDFM:250560,0,0,0,0,0,1,0,20250621,20250706
IDFM:250561,0,0,0,0,0,1,0,20250705,20250712
IDFM:250592,0,0,1,1,0,0,0,20250618,20250706
IDFM:251085,0,0,0,0,0,1,1,20250618,20250714
IDFM:251172,0,0,0,0,0,0,1,20250618,20250714
IDFM:251190,0,0,0,0,0,1,0,20250618,20250714
IDFM:251220,0,0,0,0,1,0,0,20250704,20250711
IDFM:251601,1,1,1,1,1,1,1,20250618,20250717
IDFM:251603,0,0,0,0,0,0,1,20250618,20250714
IDFM:251605,0,0,0,0,0,1,1,20250618,20250714
IDFM:251763,1,1,1,1,0,1,0,20250630,20250717
IDFM:252005,0,1,1,1,0,1,0,20250628,20250717
IDFM:252459,0,0,1,1,0,0,0,20250618,20250626
IDFM:252558,0,0,1,1,1,0,0,20250618,20250627
IDFM:253162,0,0,1,1,1,0,0,20250618,20250627
IDFM:253164,0,0,0,0,0,1,1,20250621,20250622
IDFM:253170,0,0,1,1,0,0,0,20250618,20250626
IDFM:253173,0,0,1,1,1,0,0,20250618,20250627
IDFM:253281,0,0,0,0,1,0,0,20250620,20250627
IDFM:253967,0,0,0,0,0,1,1,20250628,20250714
IDFM:254056,0,0,0,0,0,0,1,20250629,20250706
IDFM:254143,0,1,1,1,0,0,0,20250629,20250717
IDFM:254151,1,1,1,1,0,1,1,20250628,20250717
IDFM:254504,0,0,0,0,0,1,0,20250628,20250714
IDFM:255319,0,1,1,1,0,0,0,20250630,20250717
IDFM:255343,0,1,1,1,0,0,0,20250618,20250717
IDFM:255370,0,0,1,1,1,0,1,20250618,20250704
IDFM:255379,0,1,1,1,0,0,0,20250618,20250717
IDFM:255383,0,0,1,1,1,0,0,20250618,20250704
IDFM:255807,0,0,1,1,1,1,1,20250618,20250704
IDFM:255831,0,0,0,0,1,1,0,20250620,20250704
IDFM:255851,0,0,0,0,1,0,0,20250620,20250717
IDFM:256389,1,1,1,1,1,0,0,20250618,20250717
IDFM:256996,0,0,0,0,1,0,1,20250620,20250704
IDFM:257506,0,0,0,0,0,1,0,20250705,20250714
IDFM:257515,0,0,0,0,0,0,1,20250706,20250713
IDFM:258134,1,0,0,0,0,1,1,20250705,20250714
IDFM:258200,1,1,1,1,1,0,1,20250707,20250713
IDFM:260016,0,0,0,0,1,0,1,20250711,20250713
IDFM:260484,1,0,0,0,0,1,0,20250705,20250714
IDFM:261620,0,0,1,1,1,1,0,20250618,20250704
IDFM:261631,0,1,1,1,1,0,0,20250618,20250717
IDFM:261632,0,0,0,0,0,1,1,20250621,20250714
IDFM:261645,0,1,1,1,0,0,0,20250618,20250717
IDFM:261856,1,1,1,1,0,0,0,20250618,20250710
IDFM:261873,0,0,0,0,0,1,0,20250621,20250714
IDFM:261876,0,0,0,0,0,0,1,20250622,20250717
IDFM:261878,1,1,1,1,1,0,1,20250618,20250717
IDFM:261911,1,1,1,1,1,0,1,20250618,20250711
IDFM:262098,1,1,1,1,1,1,0,20250618,20250717
IDFM:262578,0,0,0,0,1,0,1,20250620,20250711
IDFM:262677,1,1,1,1,0,0,1,20250618,20250710
IDFM:262916,1,1,1,1,1,1,0,20250618,20250714
IDFM:263252,0,0,0,0,0,1,0,20250621,20250717
IDFM:263476,0,0,0,0,1,0,0,20250620,20250717
IDFM:263675,1,1,1,1,0,1,0,20250618,20250717
IDFM:263943,1,1,1,1,0,1,1,20250618,20250717
IDFM:264195,0,0,0,0,0,1,1,20250712,20250713
IDFM:264197,0,0,0,0,1,1,1,20250711,20250713
IDFM:264789,1,1,1,1,0,0,0,20250714,20250717
IDFM:265778,1,1,1,1,1,0,1,20250618,20250706
IDFM:265873,1,1,1,1,1,0,1,20250618,20250710
IDFM:265896,0,0,0,0,0,1,1,20250621,20250706
IDFM:265963,1,1,1,1,1,1,1,20250618,20250710
IDFM:265975,0,0,0,0,0,0,1,20250622,20250710
IDFM:266003,1,1,1,1,1,1,1,20250618,20250706
IDFM:266052,1,1,1,1,1,0,0,20250618,20250710
IDFM:266091,0,0,0,0,0,1,0,20250621,20250710
IDFM:266767,0,0,0,0,1,0,0,20250620,20250704
IDFM:266901,0,0,0,0,0,1,0,20250628,20250705
IDFM:266910,0,0,0,0,1,1,0,20250620,20250705
IDFM:268173,0,1,1,1,1,0,0,20250620,20250717
IDFM:268539,1,1,1,1,1,0,0,20250630,20250717
IDFM:268554,1,1,1,1,0,0,0,20250618,20250717
IDFM:269646,0,0,0,0,1,1,0,20250620,20250713
IDFM:269647,0,0,0,0,0,1,0,20250621,20250713
IDFM:269722,1,1,1,1,1,1,0,20250618,20250717
IDFM:269730,0,0,1,1,1,0,0,20250618,20250713
IDFM:269750,1,1,1,1,0,1,0,20250618,20250717
IDFM:269814,1,1,1,1,0,1,1,20250621,20250717
IDFM:269820,1,1,1,1,0,0,1,20250618,20250717
IDFM:269835,0,0,0,0,0,1,1,20250621,20250714
IDFM:269841,0,0,0,0,1,1,1,20250620,20250714
IDFM:269952,0,0,0,0,0,1,1,20250618,20250714
IDFM:270049,1,1,1,1,0,1,1,20250621,20250717
IDFM:270083,1,1,1,1,0,1,1,20250621,20250717
IDFM:270168,0,0,0,0,1,1,1,20250620,20250714
IDFM:270463,1,1,1,1,0,0,0,20250630,20250717
IDFM:270514,0,0,0,0,1,0,0,20250620,20250713
IDFM:270713,0,1,1,1,0,0,0,20250618,20250717
IDFM:270716,0,0,0,0,1,0,0,20250620,20250711
IDFM:270719,0,1,1,1,1,0,0,20250618,20250717
IDFM:270722,0,1,1,1,1,0,0,20250618,20250717
IDFM:270744,1,1,1,1,0,0,0,20250630,20250703
IDFM:270851,0,1,1,1,0,0,0,20250618,20250717
IDFM:270855,0,0,0,0,0,1,0,20250621,20250714
IDFM:271469,1,1,1,1,0,1,0,20250618,20250717
IDFM:271719,0,0,0,0,0,1,1,20250621,20250714
IDFM:271758,0,0,0,0,0,0,1,20250622,20250706
IDFM:271761,1,1,1,1,1,1,1,20250618,20250717
IDFM:271784,0,1,1,1,1,0,1,20250618,20250717
IDFM:271786,0,0,0,0,0,1,1,20250621,20250714
IDFM:271815,0,0,0,0,0,0,1,20250622,20250706
IDFM:272086,0,1,1,1,0,0,1,20250618,20250717
IDFM:272109,0,0,0,0,1,0,1,20250620,20250711
IDFM:272473,1,1,1,1,1,0,0,20250618,20250717
IDFM:272608,0,0,0,0,1,0,0,20250620,20250711
IDFM:272961,0,0,0,0,1,1,0,20250620,20250714
IDFM:273481,0,0,1,1,1,0,0,20250618,20250711
IDFM:273528,0,0,0,0,1,0,0,20250621,20250713
IDFM:273622,0,1,1,1,0,0,0,20250620,20250717
IDFM:273627,1,1,1,1,0,0,0,20250623,20250717
IDFM:273778,1,1,1,1,0,1,0,20250620,20250717
IDFM:273807,1,1,1,1,1,0,0,20250618,20250717
IDFM:273837,1,1,1,1,0,1,0,20250618,20250717
IDFM:273886,0,1,1,1,0,0,0,20250623,20250717
IDFM:273893,0,1,1,1,0,0,0,20250621,20250717
IDFM:273916,1,1,1,1,0,1,0,20250623,20250717
IDFM:273967,0,1,1,1,0,0,0,20250620,20250717
IDFM:274020,1,1,1,1,1,1,0,20250618,20250717
IDFM:274292,1,1,1,1,0,1,0,20250618,20250717
IDFM:274682,0,0,0,0,1,0,0,20250704,20250713
IDFM:274686,0,0,0,0,1,0,1,20250629,20250713
IDFM:274728,0,0,1,1,0,0,0,20250618,20250713
IDFM:274772,1,1,1,1,0,0,0,20250623,20250717
IDFM:274787,0,0,0,0,0,0,1,20250629,20250713
IDFM:274797,0,0,0,0,0,1,0,20250620,20250714
IDFM:274845,0,0,1,1,0,0,0,20250618,20250713
IDFM:274939,0,1,1,1,0,0,0,20250620,20250717
IDFM:274976,0,0,0,0,0,1,0,20250628,20250714
IDFM:274981,0,1,1,1,0,0,0,20250620,20250717
IDFM:275022,0,0,0,0,0,1,0,20250628,20250714
IDFM:275031,0,0,0,0,1,0,1,20250620,20250706
IDFM:275066,0,0,0,0,0,1,0,20250628,20250714
IDFM:275073,0,0,0,0,0,0,1,20250621,20250706
IDFM:275126,0,0,0,0,1,0,0,20250620,20250711
IDFM:275153,0,0,1,1,0,0,1,20250618,20250706
IDFM:275170,1,1,1,1,0,1,0,20250620,20250717
IDFM:275211,0,0,0,0,0,1,0,20250621,20250714
IDFM:275260,0,0,0,0,1,0,1,20250620,20250706
IDFM:275341,0,0,0,0,0,1,0,20250620,20250714
IDFM:275358,1,1,1,1,1,0,0,20250618,20250717
IDFM:275529,0,0,0,0,1,1,0,20250620,20250714
IDFM:275549,0,0,1,1,0,0,0,20250618,20250703
IDFM:275560,0,0,1,1,1,0,0,20250618,20250703
IDFM:275647,0,0,1,1,0,0,0,20250618,20250703
IDFM:275694,0,0,0,0,0,1,0,20250618,20250714
IDFM:275717,0,0,1,1,1,0,0,20250618,20250703
IDFM:275754,0,0,0,0,0,1,0,20250618,20250714
IDFM:275778,0,0,0,0,0,1,0,20250618,20250714
IDFM:275790,0,0,1,1,1,0,0,20250618,20250711
IDFM:275871,0,0,0,0,1,0,0,20250618,20250711
IDFM:275995,0,0,0,0,0,1,0,20250618,20250714
IDFM:276280,0,0,0,0,0,0,1,20250622,20250713
IDFM:276300,0,0,1,1,0,0,0,20250618,20250703
IDFM:276305,0,0,1,1,0,0,0,20250618,20250703
IDFM:276315,0,1,1,1,0,0,0,20250622,20250717
IDFM:276334,1,1,1,1,1,0,0,20250618,20250717
IDFM:276337,0,0,0,0,0,1,0,20250622,20250714
IDFM:276350,0,1,1,1,0,0,0,20250620,20250717
IDFM:276351,0,0,1,1,1,0,0,20250618,20250703
IDFM:276363,0,0,0,0,0,0,1,20250621,20250713
IDFM:276368,0,1,1,1,0,0,0,20250620,20250717
IDFM:276424,0,0,0,0,1,0,0,20250622,20250711
IDFM:276446,0,0,0,0,0,0,1,20250621,20250713
IDFM:276459,0,0,0,0,0,1,0,20250622,20250714
IDFM:276627,0,0,0,0,1,0,0,20250620,20250711
IDFM:276646,0,0,0,0,0,1,0,20250621,20250714
IDFM:276854,1,1,1,1,0,1,1,20250620,20250717
IDFM:276920,0,0,1,1,0,0,1,20250618,20250706
IDFM:276931,0,0,1,1,1,0,1,20250618,20250713
IDFM:276936,0,1,1,1,0,0,1,20250622,20250717
IDFM:276937,1,1,1,1,1,0,1,20250618,20250717
IDFM:276965,0,0,0,0,1,0,0,20250620,20250627
IDFM:277002,0,0,0,0,0,0,1,20250618,20250713
IDFM:277039,0,0,0,0,0,1,0,20250618,20250714
IDFM:277088,0,0,0,0,0,1,0,20250621,20250714
IDFM:277090,0,0,0,0,0,1,0,20250621,20250714
IDFM:277449,1,1,1,1,0,0,1,20250622,20250717
IDFM:277998,0,0,0,0,0,1,0,20250620,20250713
IDFM:278589,0,1,1,1,0,1,0,20250621,20250717
IDFM:278964,1,1,1,1,1,0,0,20250618,20250717
IDFM:278972,0,0,0,0,1,0,0,20250620,20250711
IDFM:278998,0,0,0,0,0,0,1,20250622,20250713
IDFM:279009,0,0,0,0,1,0,1,20250620,20250714
IDFM:279139,0,0,0,0,1,0,0,20250620,20250711
IDFM:279177,1,1,1,1,0,0,0,20250618,20250717
IDFM:279179,1,1,1,1,0,0,1,20250618,20250717
IDFM:279206,1,1,1,1,1,0,1,20250618,20250717
IDFM:279223,1,1,1,1,1,0,0,20250618,20250717
IDFM:279235,1,1,1,1,0,0,0,20250618,20250717
IDFM:279316,1,1,1,1,0,0,0,20250618,20250717
IDFM:279497,0,0,0,0,1,0,0,20250620,20250711
IDFM:279995,1,1,1,1,1,0,1,20250618,20250717
IDFM:280058,0,0,0,0,1,0,1,20250620,20250714
IDFM:280867,0,0,0,0,1,0,0,20250620,20250714
IDFM:280962,1,1,1,1,1,0,0,20250618,20250717
IDFM:280963,1,1,1,1,0,0,0,20250618,20250717
IDFM:280983,1,1,1,1,0,0,0,20250618,20250717
IDFM:280988,1,1,1,1,1,0,0,20250618,20250717
IDFM:281122,1,1,1,1,0,0,0,20250618,20250717
IDFM:281192,0,0,0,0,1,0,0,20250620,20250714
IDFM:282458,0,1,1,1,0,0,0,20250621,20250717
IDFM:283469,0,0,0,0,0,0,1,20250622,20250713
IDFM:283473,0,0,1,1,1,0,1,20250618,20250713
IDFM:283501,0,1,1,1,0,0,1,20250622,20250717
IDFM:283504,0,0,0,0,0,1,1,20250621,20250713
IDFM:283517,1,1,1,1,0,0,1,20250618,20250717
IDFM:283617,0,0,0,0,1,0,0,20250620,20250713
IDFM:283666,0,1,1,1,0,0,1,20250622,20250717
IDFM:283730,0,0,0,0,0,1,1,20250621,20250713
IDFM:283736,0,0,0,0,0,0,1,20250618,20250713
IDFM:283776,0,0,1,1,1,1,1,20250618,20250713
IDFM:283819,1,1,1,1,1,0,1,20250618,20250717
IDFM:283835,0,0,0,0,0,0,1,20250618,20250714
IDFM:283855,0,1,1,1,0,0,1,20250622,20250717
IDFM:283888,1,1,1,1,1,0,1,20250618,20250717
IDFM:283905,0,0,1,1,0,0,1,20250618,20250713
IDFM:283999,0,0,0,0,1,0,0,20250704,20250714
IDFM:284000,0,0,0,0,1,0,0,20250620,20250714
IDFM:284002,1,1,1,1,0,0,0,20250618,20250717
IDFM:284021,1,1,1,1,1,0,0,20250618,20250717
IDFM:284022,1,1,1,1,0,0,0,20250618,20250717
IDFM:284032,1,1,1,1,1,0,0,20250630,20250717
IDFM:284069,1,1,1,1,0,0,0,20250630,20250717
IDFM:284083,1,1,1,1,0,0,0,20250618,20250717
IDFM:284158,1,1,1,1,0,0,1,20250622,20250717
IDFM:284179,0,0,0,0,0,0,1,20250618,20250714
IDFM:284416,0,0,0,0,1,1,1,20250618,20250714
IDFM:284462,1,1,1,1,1,1,1,20250618,20250717
IDFM:284526,0,0,0,0,0,1,0,20250621,20250714
IDFM:284870,0,0,0,0,0,1,1,20250621,20250717
IDFM:284880,1,0,1,1,1,0,1,20250618,20250714
IDFM:284993,0,0,0,0,0,1,1,20250621,20250712
IDFM:285004,0,0,0,0,0,0,1,20250622,20250717
IDFM:285106,1,1,1,1,0,0,0,20250618,20250717
IDFM:285589,0,0,0,0,1,0,1,20250620,20250714
IDFM:286095,0,0,0,0,0,0,1,20250622,20250717
IDFM:286103,0,0,0,0,0,0,1,20250622,20250711
IDFM:286481,0,0,0,0,0,1,0,20250621,20250712
IDFM:287526,0,0,0,0,0,1,0,20250621,20250717
IDFM:288076,0,0,0,0,1,0,0,20250620,20250714
IDFM:288403,1,1,1,1,0,0,0,20250618,20250717
IDFM:288817,0,1,1,1,0,0,0,20250707,20250717
IDFM:288943,0,0,0,0,0,1,1,20250622,20250714
IDFM:289053,0,0,0,0,1,0,1,20250620,20250706
IDFM:289115,0,0,0,0,1,0,1,20250620,20250717
IDFM:289183,0,0,0,0,0,0,1,20250622,20250717
IDFM:289200,0,0,0,0,0,1,1,20250621,20250714
IDFM:289208,0,0,0,0,1,1,1,20250620,20250714
IDFM:289278,0,0,1,1,0,0,0,20250618,20250711
IDFM:289347,1,1,0,1,0,0,0,20250619,20250717
IDFM:289386,0,0,0,0,0,1,0,20250621,20250717
IDFM:289388,0,0,0,0,1,0,0,20250620,20250717
IDFM:289396,0,0,0,0,1,1,0,20250620,20250714
IDFM:289454,0,0,0,0,0,1,0,20250621,20250714
IDFM:289464,1,1,1,1,1,0,1,20250618,20250717
IDFM:289971,0,0,1,0,0,0,1,20250618,20250716
IDFM:291688,1,1,1,1,1,0,0,20250618,20250717
IDFM:291737,0,0,1,0,0,1,0,20250618,20250716
IDFM:291837,1,1,1,1,0,0,0,20250618,20250717
IDFM:291869,0,0,1,0,1,0,0,20250618,20250716
IDFM:292007,1,1,0,1,0,0,0,20250619,20250717
IDFM:292142,0,0,1,0,1,0,0,20250618,20250711
IDFM:296468,0,0,1,1,1,0,0,20250618,20250717
IDFM:296470,0,1,0,0,0,0,0,20250624,20250715
IDFM:296480,1,1,1,0,0,1,1,20250618,20250716
IDFM:296484,1,1,1,0,1,1,1,20250618,20250716
IDFM:296493,0,0,0,1,0,0,0,20250619,20250717
IDFM:296496,0,0,0,1,1,0,0,20250619,20250717
IDFM:296526,1,0,0,0,0,1,1,20250621,20250714
IDFM:296656,0,0,1,1,0,0,0,20250618,20250717
IDFM:296697,1,1,1,0,0,0,0,20250618,20250716
IDFM:296704,1,0,1,1,1,1,1,20250618,20250717
IDFM:296713,0,1,1,1,1,0,0,20250618,20250717
IDFM:296839,1,0,1,0,0,1,1,20250618,20250716
IDFM:297698,1,1,1,1,1,0,1,20250701,20250714
IDFM:297714,0,1,1,1,1,1,0,20250701,20250712
IDFM:299083,0,1,1,1,0,0,1,20250622,20250717
IDFM:299342,0,1,1,1,1,1,0,20250620,20250717
IDFM:299749,0,0,0,0,1,0,0,20250620,20250711
IDFM:299767,0,0,0,0,0,0,1,20250620,20250714
IDFM:299778,0,0,0,0,0,0,1,20250622,20250714
IDFM:299793,0,0,0,0,1,1,1,20250620,20250629
IDFM:299795,0,0,0,0,0,0,1,20250620,20250714
IDFM:299852,0,0,0,0,0,0,1,20250622,20250714
IDFM:299855,1,1,1,1,0,0,0,20250618,20250711
IDFM:299856,0,0,0,0,0,1,1,20250621,20250714
IDFM:299857,1,1,1,1,1,1,1,20250618,20250714
IDFM:299880,1,0,0,0,0,0,1,20250618,20250714
IDFM:299924,1,0,0,0,0,1,1,20250618,20250714
IDFM:300130,0,0,0,0,1,0,0,20250620,20250711
IDFM:300131,0,0,0,0,1,0,0,20250620,20250711
IDFM:300214,1,0,0,0,0,0,0,20250618,20250714
IDFM:300216,1,0,0,0,0,0,0,20250618,20250714
IDFM:300394,0,0,0,0,1,0,0,20250620,20250714
IDFM:300416,1,1,1,1,1,1,1,20250701,20250714
IDFM:300417,1,1,1,1,0,0,0,20250618,20250714
IDFM:300632,1,0,1,1,0,1,0,20250618,20250630
IDFM:300638,1,1,1,1,1,0,0,20250618,20250712
IDFM:300644,1,1,1,1,1,0,0,20250618,20250711
IDFM:300650,1,1,1,1,0,0,0,20250618,20250711
IDFM:300684,1,1,1,1,0,0,0,20250618,20250711
IDFM:300772,1,1,1,1,0,0,0,20250618,20250712
IDFM:302336,0,0,0,0,1,0,0,20250704,20250711
IDFM:302393,0,1,1,1,0,0,0,20250701,20250717
IDFM:303337,0,0,0,0,1,1,0,20250620,20250713
IDFM:303483,1,1,1,1,0,0,1,20250618,20250717
IDFM:304233,0,0,0,0,0,1,0,20250628,20250713
IDFM:304418,0,0,0,0,1,1,1,20250620,20250713
IDFM:304448,1,1,1,1,1,1,0,20250618,20250717
IDFM:304456,1,1,1,1,0,0,0,20250618,20250717
IDFM:306957,1,1,1,1,1,0,0,20250618,20250717
IDFM:307092,0,0,0,0,0,1,0,20250621,20250712
IDFM:307444,1,1,1,1,1,0,0,20250618,20250717
IDFM:307486,0,1,1,1,0,0,0,20250621,20250717
IDFM:307730,0,0,0,0,0,1,0,20250618,20250712
IDFM:307890,1,1,1,1,1,0,0,20250618,20250717
IDFM:307898,1,0,0,0,0,0,1,20250618,20250714
IDFM:308166,1,1,1,1,1,0,1,20250618,20250717
IDFM:308328,1,1,1,1,0,0,1,20250618,20250717
IDFM:308385,1,0,0,0,0,0,0,20250618,20250714
IDFM:309899,1,0,1,1,0,1,0,20250618,20250630
IDFM:309917,0,0,0,0,0,1,0,20250620,20250712
IDFM:309929,0,0,0,0,1,1,0,20250620,20250628
IDFM:310290,1,0,1,1,0,0,0,20250618,20250630
IDFM:310293,0,0,0,0,0,1,0,20250621,20250629
IDFM:310299,0,0,0,0,0,1,0,20250629,20250712
IDFM:310305,0,0,0,0,0,1,0,20250621,20250712
IDFM:310310,1,0,0,0,0,0,1,20250618,20250714
IDFM:310405,0,0,0,0,1,0,0,20250620,20250629
IDFM:310415,0,1,1,1,0,0,0,20250629,20250717
IDFM:310438,0,0,0,0,0,1,0,20250618,20250712
IDFM:310526,0,1,1,1,0,0,0,20250621,20250717
IDFM:310534,1,1,1,1,0,0,0,20250618,20250717
IDFM:310538,0,0,0,0,1,1,0,20250620,20250629
IDFM:310664,0,1,1,1,1,0,0,20250620,20250717
IDFM:310772,1,1,1,1,0,0,0,20250618,20250717
IDFM:310798,1,0,0,0,0,0,0,20250618,20250714
IDFM:310823,0,0,0,0,0,1,0,20250620,20250714
IDFM:310887,0,1,1,1,1,0,0,20250620,20250717
IDFM:310900,1,1,1,1,0,0,0,20250618,20250717
IDFM:310906,0,1,1,1,1,0,0,20250620,20250717
IDFM:311070,0,1,1,1,1,0,0,20250620,20250717
IDFM:311072,1,1,1,1,0,0,0,20250618,20250717
IDFM:311224,1,1,1,1,0,0,0,20250618,20250717
IDFM:311247,1,0,0,0,0,0,0,20250618,20250714
IDFM:311623,1,0,1,1,0,0,1,20250618,20250630
IDFM:311624,1,0,1,1,0,0,0,20250618,20250630
IDFM:311633,0,0,0,0,1,0,1,20250620,20250629
IDFM:311690,0,1,1,1,1,0,0,20250620,20250717
IDFM:311733,0,0,0,0,0,1,0,20250618,20250712
IDFM:311776,0,0,0,0,1,1,1,20250620,20250629
IDFM:311787,0,0,0,0,0,1,0,20250622,20250712
IDFM:311849,1,1,1,1,0,0,0,20250618,20250717
IDFM:312404,1,1,1,1,1,0,0,20250701,20250717
IDFM:312901,0,1,1,1,0,0,1,20250622,20250717
IDFM:312906,0,1,1,1,0,0,1,20250621,20250717
IDFM:313185,1,0,0,0,0,0,1,20250618,20250714
IDFM:313632,0,0,0,0,1,0,0,20250618,20250711
IDFM:313670,0,1,1,1,0,1,1,20250621,20250717
IDFM:313680,0,1,1,1,0,0,1,20250621,20250717
IDFM:313681,1,1,1,1,1,1,1,20250618,20250717
IDFM:313684,0,0,0,0,0,1,1,20250618,20250712
IDFM:313686,0,0,0,0,0,0,1,20250622,20250712
IDFM:313700,0,1,1,1,0,0,1,20250622,20250717
IDFM:313718,0,0,0,0,0,1,1,20250621,20250706
IDFM:313747,1,1,1,1,1,0,1,20250618,20250717
IDFM:313951,1,0,0,0,0,1,1,20250618,20250714
IDFM:313962,1,0,1,1,1,0,1,20250618,20250706
IDFM:314157,0,1,1,1,1,0,0,20250620,20250717
IDFM:314162,0,1,1,1,0,0,0,20250621,20250717
IDFM:314166,1,0,0,0,0,0,0,20250618,20250714
IDFM:314171,0,1,1,1,0,0,0,20250621,20250717
IDFM:314178,1,0,1,1,1,0,0,20250618,20250706
IDFM:314189,1,0,0,0,0,0,0,20250618,20250714
IDFM:314234,1,1,1,1,1,0,0,20250618,20250717
IDFM:314237,0,1,1,1,0,1,0,20250621,20250717
IDFM:314249,1,1,1,1,1,0,0,20250701,20250717
IDFM:314371,0,1,1,1,1,0,0,20250701,20250717
IDFM:314372,0,1,1,1,0,1,0,20250621,20250717
IDFM:314388,1,1,1,1,1,0,0,20250618,20250717
IDFM:314401,1,1,1,1,1,0,0,20250618,20250717
IDFM:314408,0,1,1,1,0,0,0,20250621,20250717
IDFM:314414,1,0,0,0,0,0,0,20250618,20250714
IDFM:318355,0,0,0,0,0,1,0,20250621,20250713
IDFM:319589,0,0,0,0,1,0,0,20250620,20250714
IDFM:322739,0,0,0,0,1,0,1,20250704,20250714
IDFM:322783,1,1,1,1,0,0,1,20250701,20250717
IDFM:336881,0,1,0,0,0,0,0,20250624,20250701
IDFM:337413,0,0,0,0,0,1,0,20250705,20250705
IDFM:337414,0,0,0,0,0,1,1,20250705,20250706
IDFM:337478,1,1,1,1,1,0,0,20250618,20250705
IDFM:337600,0,0,0,0,0,1,0,20250621,20250706
IDFM:341349,0,1,1,1,1,1,0,20250618,20250705
IDFM:341397,0,0,1,1,0,0,0,20250708,20250717
IDFM:343196,1,1,0,0,0,0,0,20250714,20250715
IDFM:344287,0,0,1,1,1,1,0,20250618,20250705
IDFM:344289,0,0,1,1,1,0,0,20250618,20250704
IDFM:344366,1,0,0,0,0,0,0,20250630,20250707
IDFM:345006,0,1,1,1,1,1,0,20250708,20250712
IDFM:345454,1,0,1,1,1,0,0,20250618,20250707
IDFM:346268,1,0,1,1,0,0,0,20250618,20250707
IDFM:347568,1,0,0,1,1,0,0,20250619,20250707
IDFM:347991,1,0,1,1,1,1,0,20250618,20250707
IDFM:348756,1,0,1,1,1,1,1,20250618,20250707
IDFM:349054,1,0,1,1,1,0,1,20250618,20250707
IDFM:350228,1,0,0,1,0,0,0,20250619,20250707
IDFM:353821,0,0,0,1,0,0,0,20250619,20250703
IDFM:356441,1,0,1,1,1,0,0,20250618,20250704
IDFM:356886,1,1,1,1,1,0,0,20250623,20250704
IDFM:359090,1,1,0,1,1,0,0,20250623,20250704
IDFM:359094,0,0,1,0,0,0,0,20250625,20250702
IDFM:359216,0,1,1,1,1,0,0,20250618,20250704
IDFM:359301,0,0,1,1,0,0,0,20250708,20250717
IDFM:361143,0,0,1,1,0,0,0,20250618,20250619
IDFM:364383,0,0,0,0,1,1,0,20250620,20250705
IDFM:369823,1,0,1,0,0,0,0,20250618,20250702
IDFM:370080,1,0,0,0,0,0,0,20250623,20250714
IDFM:370620,1,0,0,1,0,0,0,20250619,20250703
IDFM:371601,0,1,1,1,1,1,0,20250618,20250717
IDFM:375454,1,1,1,1,1,1,1,20250618,20250713
IDFM:375892,1,0,0,0,0,0,1,20250622,20250713
IDFM:376422,0,0,1,0,0,1,0,20250618,20250712
IDFM:376570,0,0,0,1,0,0,0,20250619,20250710
IDFM:381606,1,0,1,1,1,0,0,20250618,20250711
IDFM:381621,1,1,1,0,1,0,0,20250618,20250711
IDFM:381698,0,1,1,0,0,0,0,20250715,20250716
IDFM:381700,0,1,0,0,0,0,0,20250624,20250708
IDFM:381819,0,0,0,1,0,0,0,20250717,20250717
IDFM:383302,0,1,1,1,1,0,0,20250618,20250711
IDFM:391350,0,0,0,0,0,1,1,20250628,20250713
IDFM:391351,1,1,1,1,1,0,0,20250623,20250717
IDFM:391425,0,1,1,1,1,1,0,20250624,20250717
IDFM:391658,0,0,1,1,1,1,0,20250618,20250621
IDFM:393092,1,0,0,0,0,0,1,20250622,20250714
IDFM:394763,1,0,1,1,1,1,1,20250618,20250714
IDFM:396262,0,0,1,0,0,0,0,20250618,20250717
IDFM:396472,1,1,0,1,1,0,0,20250619,20250717
IDFM:399689,0,1,1,1,0,0,0,20250707,20250717
IDFM:401029,1,0,1,1,1,0,0,20250618,20250717
IDFM:404849,0,0,0,0,1,0,1,20250620,20250714
IDFM:405487,0,0,1,1,1,1,0,20250618,20250712
IDFM:407581,1,1,1,1,0,0,0,20250707,20250717
IDFM:408651,1,1,1,1,0,0,0,20250707,20250717
IDFM:412529,0,1,0,1,0,0,0,20250708,20250717
IDFM:418098,1,1,1,1,1,0,0,20250618,20250717
IDFM:418154,0,0,1,0,0,0,0,20250618,20250716
IDFM:418157,1,1,0,1,1,0,0,20250619,20250717
IDFM:418413,0,1,1,1,1,1,0,20250618,20250717
IDFM:420003,0,1,1,1,1,1,0,20250618,20250717
IDFM:424035,1,1,0,0,1,0,0,20250620,20250715
IDFM:424036,0,0,0,1,0,0,0,20250619,20250717
IDFM:426314,1,1,0,1,1,0,0,20250619,20250717
IDFM:436586,0,0,0,0,0,1,1,20250621,20250714
IDFM:447488,1,1,0,1,1,1,0,20250619,20250705
IDFM:459715,1,1,0,1,1,0,0,20250707,20250711
IDFM:459763,0,0,1,0,0,0,0,20250709,20250709
IDFM:459898,1,1,1,0,1,0,0,20250618,20250716
IDFM:459919,1,1,1,0,1,1,0,20250618,20250716
IDFM:459938,0,0,0,1,0,0,1,20250619,20250717
IDFM:462916,0,1,1,1,1,1,1,20250618,20250717
IDFM:468904,0,0,0,1,1,0,0,20250619,20250704
IDFM:469055,0,0,0,1,0,0,0,20250710,20250717
IDFM:469089,0,1,1,0,0,0,0,20250707,20250716
IDFM:469096,1,1,1,0,0,0,0,20250618,20250702
IDFM:469134,1,1,1,0,1,0,0,20250618,20250704
IDFM:471822,1,1,1,1,0,0,0,20250707,20250717
IDFM:471960,0,1,0,0,1,0,0,20250620,20250715
IDFM:472039,0,0,0,1,0,0,1,20250619,20250717
IDFM:472040,0,0,1,1,0,0,1,20250618,20250717
IDFM:472054,1,0,0,1,1,0,0,20250619,20250717
IDFM:472067,0,0,1,1,0,1,0,20250618,20250717
IDFM:472079,0,0,1,1,0,1,1,20250618,20250717
IDFM:472151,0,1,0,0,1,1,1,20250620,20250715
IDFM:472156,0,1,0,0,1,1,0,20250620,20250715
IDFM:472177,0,1,0,0,1,0,1,20250620,20250715
IDFM:472282,1,1,0,1,1,1,1,20250619,20250717
IDFM:472285,1,0,0,0,1,1,1,20250620,20250714
IDFM:472286,0,1,1,0,0,0,0,20250618,20250716
IDFM:472291,1,0,0,1,1,1,1,20250619,20250717
IDFM:472294,0,1,1,1,0,0,0,20250618,20250717
IDFM:472296,1,1,0,0,1,1,1,20250620,20250715
IDFM:472326,1,0,1,0,1,0,0,20250618,20250716
IDFM:472348,1,0,1,0,1,1,1,20250618,20250716
IDFM:472351,1,0,0,0,1,0,0,20250620,20250714
IDFM:472376,1,1,1,0,0,0,0,20250618,20250716
IDFM:472378,1,0,0,0,0,1,0,20250621,20250714
IDFM:472381,0,0,0,1,1,1,0,20250619,20250717
IDFM:472388,0,0,0,0,1,0,1,20250620,20250713
IDFM:488975,1,0,1,1,1,1,1,20250618,20250714
IDFM:TN:25626119,0,0,0,1,0,0,0,20250619,20250619
IDFM:TN:25626174,1,1,1,1,1,0,0,20250620,20250711
IDFM:TN:25626229,0,0,0,0,0,1,1,20250621,20250714
IDFM:TN:25626231,0,0,0,0,0,1,0,20250621,20250712
IDFM:TN:25626330,0,1,0,0,0,0,0,20250624,20250708
IDFM:TN:25626392,0,0,0,0,0,1,1,20250621,20250714
IDFM:TN:25626393,0,0,0,0,0,1,0,20250621,20250712
IDFM:TN:25626410,0,0,0,0,0,1,0,20250621,20250714
IDFM:TN:25626412,0,0,0,0,0,0,1,20250622,20250713
IDFM:TN:25626413,0,0,0,0,0,0,1,20250622,20250714
IDFM:TN:25626442,0,0,0,0,0,0,1,20250622,20250622
IDFM:TN:25626445,0,0,0,0,0,0,1,20250622,20250714
IDFM:TN:25626479,0,0,0,0,0,1,0,20250705,20250705
IDFM:TN:25626484,0,0,0,0,0,1,1,20250705,20250706
IDFM:TN:25626548,0,0,0,0,0,0,1,20250706,20250706
IDFM:TN:25626738,0,0,0,0,0,1,0,20250621,20250712
IDFM:TN:25626739,0,0,0,0,0,0,1,20250622,20250715
IDFM:TN:25626750,1,0,0,0,0,0,0,20250714,20250714
IDFM:TN:25626815,1,1,1,1,1,0,0,20250620,20250717
IDFM:TN:25627192,0,0,0,0,0,1,0,20250621,20250712
IDFM:TN:25627194,0,0,0,0,0,1,1,20250621,20250714
IDFM:TN:25627218,0,0,0,0,0,1,0,20250712,20250712
IDFM:TN:25627261,0,0,0,0,0,1,0,20250621,20250714
IDFM:TN:25627271,0,0,0,0,0,1,0,20250628,20250628
IDFM:TN:25627272,0,0,0,0,0,1,1,20250628,20250629
IDFM:TN:25627274,0,0,0,0,0,1,1,20250628,20250706
IDFM:TN:25627283,0,0,0,0,0,1,0,20250628,20250705
IDFM:TN:25627290,0,0,0,0,0,1,0,20250628,20250705
IDFM:TN:25627293,0,0,0,0,0,0,1,20250628,20250706
IDFM:TN:25627300,0,0,0,0,0,1,0,20250628,20250706
IDFM:TN:25627339,0,0,0,0,0,0,1,20250629,20250629
IDFM:TN:25627804,0,0,0,0,0,1,1,20250621,20250706
IDFM:TN:25627836,0,0,0,0,0,0,1,20250622,20250706
IDFM:TN:25627941,1,0,0,0,0,0,1,20250622,20250715
IDFM:TN:25627948,0,0,0,0,0,1,1,20250628,20250714
IDFM:TN:25628452,0,0,0,0,0,0,1,20250629,20250713
IDFM:TN:25628453,0,0,0,0,0,0,1,20250629,20250714
IDFM:TN:25628593,0,1,0,0,0,0,0,20250624,20250624
IDFM:TN:25628594,0,1,0,0,0,0,0,20250701,20250708
IDFM:TN:25628999,1,0,1,1,1,0,0,20250707,20250711
IDFM:TN:25629139,0,0,0,0,0,1,1,20250621,20250622
IDFM:TN:25629141,0,1,1,1,0,0,0,20250621,20250717
IDFM:TN:25629142,1,1,1,1,1,0,0,20250707,20250711
IDFM:TN:25629225,0,0,0,0,1,0,0,20250620,20250627
IDFM:TN:25629231,1,1,1,1,1,0,0,20250620,20250704
IDFM:TN:25629296,1,1,1,1,1,0,0,20250630,20250704
IDFM:TN:25629297,0,1,1,1,0,0,0,20250630,20250717
IDFM:TN:25629302,1,1,1,1,1,1,1,20250630,20250706
IDFM:TN:25629350,1,0,0,0,0,0,1,20250629,20250707
IDFM:TN:25629352,0,0,0,0,0,0,1,20250629,20250706
IDFM:TN:25629357,0,0,0,0,0,1,0,20250705,20250712
IDFM:TN:25629361,1,0,0,0,0,0,0,20250707,20250707
IDFM:TN:25629365,0,0,0,0,0,1,1,20250712,20250713
IDFM:TN:25629392,0,0,0,0,0,0,1,20250713,20250713
IDFM:TN:25629450,0,0,0,0,1,0,0,20250620,20250620
IDFM:TN:25629451,0,0,0,0,1,1,0,20250620,20250621
IDFM:TN:25629464,0,1,1,1,0,0,0,20250707,20250717
IDFM:TN:25629465,0,0,1,1,0,0,0,20250708,20250717
IDFM:TN:25629466,0,1,1,1,1,0,0,20250708,20250711
IDFM:TN:25629472,0,0,0,0,1,0,0,20250704,20250704
IDFM:TN:25629476,1,1,1,1,0,0,0,20250623,20250703
IDFM:TN:25629528,1,0,0,0,0,0,0,20250623,20250623
IDFM:TN:25629533,0,1,0,0,1,0,0,20250624,20250627
IDFM:TN:25629534,0,1,1,1,1,1,0,20250624,20250628
IDFM:TN:25629535,0,0,1,1,0,1,0,20250625,20250628
IDFM:TN:25629537,0,1,0,0,1,0,0,20250701,20250704
IDFM:TN:25629538,0,1,1,1,1,1,0,20250701,20250705
IDFM:TN:25629539,0,0,1,1,0,1,0,20250702,20250705
IDFM:TN:25629540,0,0,0,0,1,0,0,20250711,20250711
IDFM:TN:25629544,0,1,1,1,0,0,0,20250701,20250703
IDFM:TN:25629650,1,1,1,1,1,1,1,20250620,20250717
IDFM:TN:25629670,0,0,0,0,0,1,1,20250621,20250713
IDFM:TN:25629671,1,0,0,0,0,0,1,20250622,20250714
IDFM:TN:25629940,0,0,0,0,0,1,0,20250621,20250705
IDFM:TN:25629942,0,0,0,0,0,1,0,20250621,20250717
IDFM:TN:25629943,0,0,0,0,0,1,1,20250621,20250706
IDFM:TN:25629945,0,0,0,0,0,0,1,20250622,20250706
IDFM:TN:25630061,0,0,0,0,0,1,0,20250621,20250714
IDFM:TN:25630062,0,0,0,0,0,1,1,20250621,20250717
IDFM:TN:25630063,0,0,0,0,0,1,1,20250621,20250713
IDFM:TN:25630065,1,0,0,0,0,0,1,20250622,20250714
IDFM:TN:25630537,1,0,1,1,1,0,0,20250620,20250717
IDFM:TN:25630577,0,1,0,0,0,0,0,20250621,20250715
IDFM:TN:25630608,1,0,0,1,0,0,0,20250623,20250703
IDFM:TN:25630609,0,1,1,0,0,0,0,20250624,20250625
IDFM:TN:25630610,0,0,0,0,1,0,0,20250627,20250627
IDFM:TN:25630611,0,1,1,0,1,0,0,20250701,20250704
IDFM:TN:25630683,0,1,0,0,0,1,1,20250624,20250708
IDFM:TN:25630740,1,1,1,1,1,0,0,20250620,20250717
IDFM:TN:25630744,1,0,0,0,0,0,0,20250621,20250714
IDFM:TN:25630799,0,0,0,0,0,1,1,20250628,20250712
IDFM:TN:25630803,0,0,0,0,0,1,1,20250628,20250713
IDFM:TN:25630804,0,0,0,0,0,1,0,20250705,20250712
IDFM:TN:25630902,1,0,0,0,0,0,0,20250623,20250707
IDFM:TN:25631159,1,1,1,0,0,0,0,20250623,20250716
IDFM:TN:25631161,0,1,0,0,0,0,0,20250624,20250715
IDFM:TN:25631162,1,1,1,1,1,0,0,20250630,20250711
IDFM:TN:25631410,0,1,0,0,0,0,0,20250624,20250715
IDFM:TN:25631411,0,1,0,0,0,1,1,20250624,20250715
IDFM:TN:25631461,0,0,0,0,0,1,1,20250621,20250706
IDFM:TN:25631509,0,0,0,0,0,1,0,20250621,20250628
IDFM:TN:25631510,0,0,0,0,0,1,0,20250628,20250714
IDFM:TN:25632195,1,1,1,1,1,1,1,20250621,20250713
IDFM:TN:25632208,0,1,1,1,0,1,1,20250621,20250717
IDFM:TN:25632214,0,0,0,0,0,0,1,20250622,20250629
IDFM:TN:25632217,1,0,0,0,0,0,0,20250630,20250630
IDFM:TN:25632220,0,0,1,0,0,0,0,20250702,20250702
IDFM:TN:25632221,0,0,0,1,1,0,0,20250710,20250711
IDFM:TN:25632302,1,0,0,0,0,0,0,20250620,20250710
IDFM:TN:25632311,0,1,1,1,1,0,0,20250624,20250717
IDFM:TN:25632391,0,0,0,0,0,0,1,20250621,20250714
IDFM:TN:25632396,0,0,0,0,0,1,1,20250621,20250717
IDFM:TN:25632397,0,0,0,0,0,1,1,20250621,20250713
IDFM:TN:25632572,1,1,1,1,1,0,0,20250620,20250717
IDFM:TN:25632988,0,0,0,0,0,0,1,20250622,20250713
IDFM:TN:25633190,0,1,1,1,1,0,0,20250620,20250717
IDFM:TN:25633241,1,0,0,0,0,1,1,20250621,20250713
IDFM:TN:25633252,1,0,1,1,1,1,1,20250621,20250713
IDFM:TN:25633308,1,1,1,1,1,0,0,20250623,20250717
IDFM:TN:25633318,0,1,1,1,1,0,0,20250624,20250717
IDFM:TN:25633319,1,1,1,1,1,0,0,20250624,20250717
IDFM:TN:25633320,0,0,0,0,0,1,0,20250628,20250712
IDFM:TN:25633321,0,0,1,0,0,0,0,20250716,20250716
IDFM:TN:25633755,1,1,1,1,1,1,0,20250620,20250717
IDFM:TN:25633777,0,0,0,0,0,1,0,20250621,20250705
IDFM:TN:25634027,1,1,1,1,0,1,1,20250621,20250717
IDFM:TN:25634155,1,1,1,1,1,1,1,20250621,20250717
IDFM:TN:25634358,0,0,0,0,0,0,1,20250622,20250706
IDFM:TN:25634360,0,0,0,1,1,0,0,20250703,20250704
IDFM:TN:25634493,1,1,1,0,0,0,0,20250630,20250702
IDFM:TN:25634607,1,1,1,1,1,1,1,20250620,20250717
IDFM:TN:25634621,0,0,0,0,0,1,1,20250621,20250714
IDFM:TN:25634625,0,0,0,0,0,1,0,20250621,20250713
IDFM:TN:25634627,0,0,0,0,0,1,1,20250622,20250714
IDFM:TN:25634629,1,1,0,0,0,0,0,20250623,20250624
IDFM:TN:25634630,0,0,0,0,0,1,1,20250628,20250714
IDFM:TN:25634631,0,0,0,0,0,1,0,20250628,20250714
IDFM:TN:25634632,0,0,0,0,0,0,1,20250629,20250714
IDFM:TN:25634635,1,1,1,1,0,0,0,20250707,20250717
IDFM:TN:25634636,0,1,1,0,0,0,0,20250708,20250709
IDFM:TN:25634637,0,1,1,0,1,0,0,20250708,20250711
IDFM:TN:25634638,0,0,0,0,0,1,1,20250621,20250713
IDFM:TN:25634639,1,0,0,0,0,0,1,20250622,20250714
IDFM:TN:25634641,0,1,1,1,1,0,0,20250624,20250704
IDFM:TN:25634648,0,1,1,1,1,1,0,20250708,20250712
IDFM:TN:25634695,1,1,1,1,1,1,1,20250620,20250717
IDFM:TN:25634703,0,0,0,0,1,0,0,20250620,20250704
IDFM:TN:25634714,0,0,0,0,0,1,0,20250621,20250713
IDFM:TN:25634721,1,1,1,1,0,0,0,20250623,20250703
IDFM:TN:25634722,1,1,0,0,0,0,0,20250623,20250704
IDFM:TN:25634723,0,0,1,1,1,0,0,20250625,20250627
IDFM:TN:25634730,0,1,1,0,0,0,0,20250715,20250716
IDFM:TN:25634798,0,0,0,0,0,1,1,20250621,20250716
IDFM:TN:25634799,0,0,0,0,0,1,0,20250621,20250713
IDFM:TN:25634816,0,1,0,1,0,0,0,20250715,20250717
IDFM:TN:25634958,0,0,0,1,0,0,0,20250623,20250710
IDFM:TN:25634963,1,1,1,1,0,0,0,20250714,20250717
IDFM:TN:25634982,0,0,1,1,0,0,0,20250716,20250717
IDFM:TN:25635050,1,1,1,1,1,0,1,20250620,20250717
IDFM:TN:25635051,1,1,1,1,1,1,0,20250620,20250717
IDFM:TN:25635054,1,1,1,1,1,1,1,20250620,20250717
IDFM:TN:25635087,0,0,0,0,0,1,1,20250621,20250717
IDFM:TN:25635213,1,1,1,1,0,0,1,20250622,20250717
IDFM:TN:25635289,1,1,1,1,0,1,1,20250621,20250717
IDFM:TN:25635290,0,0,0,0,0,1,1,20250621,20250714
IDFM:TN:25635295,1,0,0,0,0,0,1,20250622,20250715
IDFM:TN:25635578,1,1,1,1,1,1,1,20250620,20250717
IDFM:TN:25635592,0,0,0,0,0,1,1,20250621,20250714
IDFM:TN:25635708,1,0,0,0,0,0,1,20250622,20250717
IDFM:TN:25635830,0,0,0,0,0,1,1,20250621,20250713
IDFM:TN:25636061,1,0,0,0,0,1,1,20250621,20250714
IDFM:TN:25636178,0,0,0,0,0,1,1,20250621,20250712
IDFM:TN:25636338,1,1,1,1,1,0,0,20250620,20250717
IDFM:TN:25636459,0,1,1,1,1,0,0,20250624,20250627
IDFM:TN:25636760,0,0,0,0,0,0,1,20250622,20250713
IDFM:TN:25637599,1,1,1,1,1,1,1,20250620,20250717
IDFM:TN:25637712,0,0,0,0,0,1,1,20250621,20250717
IDFM:TN:25637906,1,1,1,1,0,0,0,20250623,20250626
IDFM:TN:25637967,0,0,0,0,0,1,0,20250621,20250717
IDFM:TN:25638038,0,0,0,0,0,1,1,20250621,20250712
IDFM:TN:25638039,0,0,0,0,0,0,1,20250621,20250706
IDFM:TN:25638041,0,0,0,0,0,1,0,20250621,20250712
IDFM:TN:25638056,0,0,0,0,0,0,1,20250621,20250629
IDFM:TN:25638065,0,0,0,0,0,1,1,20250621,20250714
IDFM:TN:25638070,0,0,0,0,0,1,0,20250628,20250712
IDFM:TN:25638717,1,0,0,0,0,0,1,20250622,20250713
IDFM:TN:25638728,1,1,0,0,0,0,0,20250714,20250715
IDFM:TN:25638855,0,0,0,0,1,0,0,20250620,20250627
IDFM:TN:25639470,0,0,0,0,0,1,0,20250621,20250712
IDFM:TN:25639887,0,0,0,0,0,1,1,20250621,20250717
IDFM:TN:25640057,1,1,1,1,0,0,1,20250622,20250717
IDFM:TN:25640258,0,1,1,1,1,1,0,20250701,20250717
IDFM:TN:25640540,0,1,1,1,1,1,0,20250624,20250717
IDFM:TN:25640959,0,1,1,1,0,0,0,20250623,20250717
IDFM:TN:25640961,0,0,1,1,0,0,0,20250624,20250717
IDFM:TN:25641129,0,0,0,0,0,1,1,20250621,20250714
IDFM:TN:25641863,0,0,0,0,0,0,1,20250706,20250714
IDFM:TN:25641866,0,0,0,0,0,0,1,20250706,20250714
IDFM:TN:25642246,1,0,0,0,0,0,0,20250707,20250715
IDFM:TN:25642661,1,0,0,0,0,0,1,20250622,20250714
IDFM:TN:25642664,0,1,1,1,0,0,0,20250707,20250717
IDFM:TN:25642822,0,0,1,1,0,0,0,20250708,20250717
IDFM:TN:25642970,1,1,1,1,1,0,0,20250620,20250711
IDFM:TN:25643057,1,1,1,1,1,0,0,20250620,20250717
IDFM:TN:25643080,0,1,1,0,1,0,0,20250620,20250711
IDFM:TN:25643084,0,0,0,0,0,1,0,20250621,20250712
IDFM:TN:25643087,1,0,0,0,0,0,0,20250623,20250707
IDFM:TN:25643210,1,1,1,1,0,0,0,20250620,20250711
IDFM:TN:25643570,1,1,1,1,0,0,0,20250630,20250711
IDFM:TN:25643606,1,0,0,0,0,0,0,20250622,20250707
IDFM:TN:25643608,0,1,1,0,1,0,0,20250701,20250711
IDFM:TN:25643910,1,0,0,0,0,0,1,20250707,20250713
IDFM:TN:25644196,1,1,1,1,0,0,0,20250630,20250717
IDFM:TN:25644242,0,1,1,1,0,0,0,20250630,20250717
IDFM:TN:25644585,0,0,0,0,1,0,0,20250620,20250711
IDFM:TN:25644595,1,1,1,1,0,0,0,20250623,20250710
IDFM:TN:25644795,0,0,0,0,1,0,0,20250620,20250704
IDFM:TN:25644797,0,0,0,0,0,1,1,20250621,20250629
IDFM:TN:25644918,1,0,0,0,0,0,1,20250622,20250630
IDFM:TN:25645113,0,1,1,1,0,0,0,20250620,20250717
IDFM:TN:25645282,1,1,0,1,0,0,0,20250630,20250703
IDFM:TN:25645283,1,1,1,1,0,0,0,20250630,20250703
IDFM:TN:25645326,1,1,1,1,0,0,0,20250707,20250710
IDFM:TN:25645544,0,1,1,1,1,1,0,20250620,20250717
IDFM:TN:25645545,0,1,1,1,1,1,0,20250620,20250712
IDFM:TN:25645654,1,0,0,0,0,0,1,20250622,20250713
IDFM:TN:25645751,1,0,0,0,0,0,1,20250623,20250713
IDFM:TN:25645903,1,1,1,1,1,0,0,20250620,20250703
IDFM:TN:25646079,1,1,0,1,0,0,0,20250630,20250710
IDFM:TN:25646081,1,1,0,1,0,0,0,20250630,20250711
IDFM:TN:25646082,0,0,1,0,0,0,0,20250702,20250717
IDFM:TN:25646326,0,0,0,0,0,1,1,20250621,20250712
IDFM:TN:25646332,0,1,1,1,1,0,0,20250701,20250712
IDFM:TN:25646469,1,1,1,1,1,0,0,20250620,20250711
IDFM:TN:25646717,1,1,1,1,0,0,0,20250623,20250710
IDFM:TN:25646719,1,1,1,1,1,0,0,20250620,20250710
IDFM:TN:25646728,0,1,1,1,1,1,0,20250621,20250711
IDFM:TN:25646805,1,0,0,0,0,0,0,20250620,20250707
IDFM:TN:25646806,0,0,0,0,0,1,0,20250621,20250705
IDFM:TN:25646807,0,0,0,0,0,1,0,20250621,20250628
IDFM:TN:25646829,1,0,0,0,0,0,1,20250623,20250707
IDFM:TN:25647302,0,0,0,0,1,0,0,20250624,20250711
IDFM:TN:25647479,1,0,0,0,0,0,1,20250622,20250707
IDFM:TN:25647504,0,1,0,0,0,0,0,20250621,20250711
IDFM:TN:25647511,0,0,1,1,1,1,0,20250625,20250628
IDFM:TN:25647529,1,1,1,1,1,1,1,20250620,20250711
IDFM:TN:25647530,0,0,0,0,1,0,0,20250620,20250627
IDFM:TN:25647993,1,1,1,1,1,0,0,20250624,20250711
IDFM:TN:25648112,1,1,1,1,1,0,0,20250624,20250711
IDFM:TN:25648113,1,1,1,0,0,0,0,20250623,20250710
IDFM:TN:25648114,0,1,1,1,0,0,0,20250624,20250626
IDFM:TN:25648117,0,0,0,1,0,0,0,20250703,20250703
IDFM:TN:25648659,0,0,0,0,0,1,1,20250622,20250706
IDFM:TN:25648744,1,1,1,1,1,0,0,20250623,20250711
IDFM:TN:25648794,1,1,1,1,0,0,0,20250623,20250710
IDFM:TN:25649856,0,0,0,0,1,0,0,20250620,20250704
IDFM:TN:25649859,1,1,1,1,0,0,0,20250623,20250710
IDFM:TN:25651105,1,1,1,1,0,0,0,20250623,20250717
IDFM:TN:25651173,0,0,0,0,1,1,0,20250620,20250712
IDFM:TN:25651176,0,0,0,0,0,1,0,20250621,20250717
IDFM:TN:25651178,1,1,1,1,0,0,0,20250623,20250717
IDFM:TN:25651323,1,1,1,1,1,0,0,20250620,20250717
IDFM:TN:25651325,0,0,1,1,0,0,0,20250707,20250717
IDFM:TN:25651336,1,0,0,0,0,1,1,20250623,20250714
IDFM:TN:25651369,1,1,1,1,1,1,0,20250620,20250717
IDFM:TN:25651372,0,0,0,0,0,0,1,20250629,20250714
IDFM:TN:25651380,0,0,1,0,1,0,0,20250620,20250716
IDFM:TN:25651391,0,1,0,1,1,0,0,20250620,20250711
IDFM:TN:25651393,0,0,1,0,0,0,0,20250623,20250717
IDFM:TN:25651394,1,0,0,0,0,0,1,20250623,20250714
IDFM:TN:25651411,1,1,1,1,1,0,1,20250620,20250717
IDFM:TN:25651423,0,0,0,0,0,0,1,20250629,20250717
IDFM:TN:25651430,0,0,0,0,0,1,1,20250620,20250713
IDFM:TN:25651434,0,0,0,0,0,1,1,20250628,20250713
IDFM:TN:25651473,0,0,0,0,1,0,1,20250620,20250713
IDFM:TN:25651481,0,0,0,1,0,0,0,20250710,20250710
IDFM:TN:25651484,0,1,0,1,0,0,0,20250623,20250717
IDFM:TN:25651485,0,0,0,0,1,1,0,20250620,20250715
IDFM:TN:25651521,0,1,1,1,1,1,0,20250624,20250717
IDFM:TN:25651528,0,0,0,0,0,0,1,20250629,20250713
IDFM:TN:25651529,1,0,0,0,0,0,0,20250630,20250707
IDFM:TN:25651572,1,1,1,1,1,1,0,20250620,20250704
IDFM:TN:25651582,0,0,0,0,0,1,1,20250621,20250714
IDFM:TN:25651590,0,0,0,0,0,1,1,20250705,20250714
IDFM:TN:25651634,1,0,0,0,1,1,1,20250620,20250714
IDFM:TN:25651636,1,1,1,1,1,0,1,20250620,20250717
IDFM:TN:25651658,1,1,1,1,0,1,1,20250705,20250717
IDFM:TN:25651659,0,1,1,1,0,1,0,20250705,20250717
IDFM:TN:25651681,1,0,0,0,1,0,0,20250620,20250630
IDFM:TN:25651736,0,0,1,0,1,0,0,20250620,20250716
IDFM:TN:25651740,0,1,0,1,0,0,0,20250624,20250717
IDFM:TN:25651753,1,0,1,1,1,0,0,20250623,20250717
IDFM:TN:25651782,0,0,0,0,1,0,0,20250620,20250711
IDFM:TN:25651783,0,0,0,0,1,0,0,20250620,20250711
IDFM:TN:25651824,0,1,1,1,1,0,0,20250620,20250717
IDFM:TN:25651828,0,0,0,0,0,0,1,20250621,20250714
IDFM:TN:25651846,0,1,0,0,1,0,0,20250620,20250715
IDFM:TN:25651893,0,1,1,1,1,0,0,20250620,20250717
IDFM:TN:25651910,1,1,1,1,1,0,0,20250620,20250717
IDFM:TN:25651913,1,1,1,1,1,0,1,20250620,20250704
IDFM:TN:25651916,0,0,0,0,0,0,1,20250622,20250714
IDFM:TN:25651962,0,0,0,0,0,1,0,20250628,20250712
IDFM:TN:25652000,0,0,0,0,0,1,0,20250628,20250712
IDFM:TN:25652034,0,0,0,0,0,0,1,20250706,20250713
IDFM:TN:25652077,0,0,0,0,0,0,1,20250622,20250713
IDFM:TN:25652095,0,0,0,0,0,1,0,20250621,20250713
IDFM:TN:25652168,1,1,1,1,1,0,0,20250630,20250717
IDFM:TN:25652763,0,1,1,1,1,1,0,20250624,20250712
IDFM:TN:25652867,0,0,0,0,0,1,1,20250705,20250713
IDFM:TN:25652888,1,0,0,0,0,0,1,20250706,20250714
IDFM:TN:25652984,1,1,1,1,1,0,0,20250620,20250717
IDFM:TN:25652989,0,1,1,1,1,1,0,20250621,20250717
IDFM:TN:25653122,0,0,0,0,0,1,1,20250628,20250717
IDFM:TN:25653358,1,1,1,1,1,0,0,20250623,20250711
IDFM:TN:25653359,0,1,1,1,1,1,0,20250624,20250712
IDFM:TN:25653422,1,0,0,0,0,0,1,20250629,20250714
IDFM:TN:25653507,1,1,1,1,1,0,0,20250623,20250710
IDFM:TN:25653990,0,0,0,0,1,1,0,20250620,20250628
IDFM:TN:25654035,1,1,1,1,1,1,1,20250620,20250717
IDFM:TN:25654049,0,0,0,0,0,0,1,20250622,20250714
IDFM:TN:25654092,1,1,1,1,1,1,1,20250620,20250706
IDFM:TN:25654142,1,1,1,1,1,1,0,20250620,20250705
IDFM:TN:25654143,1,1,1,1,1,0,1,20250620,20250704
IDFM:TN:25654781,1,1,1,1,1,0,1,20250620,20250717
IDFM:TN:25654782,0,0,0,0,1,1,0,20250620,20250712
IDFM:TN:25654830,0,1,1,1,1,0,0,20250620,20250717
IDFM:TN:25654850,1,0,0,0,0,0,0,20250623,20250715
IDFM:TN:25654862,0,0,0,0,1,0,0,20250620,20250711
IDFM:TN:25654873,0,0,0,0,0,0,1,20250622,20250714
IDFM:TN:25654898,1,1,1,1,1,0,0,20250620,20250717
IDFM:TN:25654899,1,0,0,1,1,0,0,20250620,20250717
IDFM:TN:25654907,0,0,0,0,0,0,1,20250622,20250714
IDFM:TN:25654909,0,1,1,0,0,0,0,20250624,20250716
IDFM:TN:25654931,1,0,0,0,0,0,0,20250620,20250707
IDFM:TN:25654962,1,1,1,1,1,0,0,20250620,20250717
IDFM:TN:25654963,0,0,0,0,1,0,0,20250620,20250627
IDFM:TN:25654964,1,1,1,1,1,0,0,20250623,20250717
IDFM:TN:25654965,0,1,1,1,0,0,0,20250624,20250717
IDFM:TN:25655003,1,0,1,1,1,0,0,20250620,20250704
IDFM:TN:25655007,0,1,0,0,0,0,0,20250624,20250701
IDFM:TN:25655017,0,0,1,1,0,0,0,20250707,20250717
IDFM:TN:25655019,0,1,1,1,0,0,0,20250707,20250717
IDFM:TN:25655044,0,0,0,0,1,0,0,20250620,20250627
IDFM:TN:25655046,0,0,0,0,1,0,0,20250620,20250627
IDFM:TN:25655048,0,0,1,1,1,0,0,20250620,20250717
IDFM:TN:25655052,0,0,0,0,0,0,1,20250621,20250714
IDFM:TN:25655056,1,1,0,0,0,0,0,20250623,20250715
IDFM:TN:25655068,1,1,1,1,1,0,0,20250630,20250717
IDFM:TN:25655069,1,1,1,1,1,0,0,20250630,20250717
IDFM:TN:25655091,1,1,1,1,1,0,0,20250620,20250717
IDFM:TN:25655095,1,0,1,1,1,0,0,20250620,20250717
IDFM:TN:25655103,0,1,1,0,0,0,0,20250624,20250704
IDFM:TN:25655114,1,1,1,1,0,0,0,20250707,20250717
IDFM:TN:25655117,1,1,1,1,0,0,0,20250707,20250717
IDFM:TN:25655155,0,1,1,1,1,0,0,20250701,20250717
IDFM:TN:25655156,0,1,1,1,1,0,0,20250701,20250717
IDFM:TN:25655157,0,1,0,0,0,0,0,20250708,20250715
IDFM:TN:25655177,1,0,1,1,1,0,0,20250620,20250717
IDFM:TN:25655240,1,1,1,1,1,0,1,20250620,20250706
IDFM:TN:25655242,1,1,0,0,1,0,0,20250620,20250715
IDFM:TN:25655244,1,1,1,1,1,0,0,20250620,20250717
IDFM:TN:25655255,0,0,1,1,0,0,0,20250707,20250717
IDFM:TN:25655277,0,0,0,0,1,1,1,20250620,20250713
IDFM:TN:25655345,0,0,0,0,1,1,1,20250620,20250622
IDFM:TN:25655370,0,0,0,0,0,1,1,20250621,20250713
IDFM:TN:25655376,0,0,0,0,0,1,0,20250621,20250705
IDFM:TN:25655444,0,0,0,0,1,0,0,20250620,20250627
IDFM:TN:25655459,0,0,0,0,1,0,0,20250704,20250711
IDFM:TN:25655482,1,1,1,1,0,0,0,20250630,20250717
IDFM:TN:25655490,0,1,1,1,1,0,0,20250704,20250717
IDFM:TN:25655508,1,0,0,0,0,0,0,20250630,20250715
IDFM:TN:25655656,0,0,0,0,0,1,1,20250621,20250714
IDFM:TN:25655677,0,0,0,0,1,0,0,20250620,20250711
IDFM:TN:25655731,0,0,1,0,0,0,0,20250625,20250716
IDFM:TN:25655743,1,1,1,1,0,0,0,20250630,20250717
IDFM:TN:25655764,0,0,0,0,1,1,0,20250704,20250705
IDFM:TN:25655765,0,0,0,0,1,1,1,20250704,20250706
IDFM:TN:25656047,0,0,0,0,0,1,1,20250621,20250717
IDFM:TN:25656050,0,0,0,0,0,1,0,20250621,20250717
IDFM:TN:25656081,0,0,0,0,0,1,1,20250621,20250717
IDFM:TN:25656092,0,0,0,0,0,0,1,20250622,20250717
IDFM:TN:25564942,0,0,1,0,0,0,0,20250618,20250618
IDFM:TN:25503841,0,1,0,0,0,0,0,20250617,20250617
IDFM:TN:25445620,1,0,0,0,0,0,0,20250616,20250616
IDFM:TN:25414633,0,0,0,0,0,0,1,20250615,20250615
IDFM:TN:0068de2e-70fd-3a42-9363-129b26a835b2,0,1,1,1,1,1,0,20250621,20250717
IDFM:TN:0bd6804b-7d47-3c25-b366-02cee9b0330e,1,1,1,1,1,0,1,20250622,20250717
IDFM:TN:abf82d1e-d818-3b68-8ae3-0b3b3e019b35,0,1,1,1,1,1,0,20250621,20250717
IDFM:TN:4ede53f4-6330-3e66-ad29-537a2e3c1b89,1,1,1,1,1,1,0,20250621,20250717
IDFM:TN:50e3d08f-5add-37b3-886e-70c4a64f8eaa,1,1,1,1,1,0,1,20250622,20250717
IDFM:TN:1949437c-a0b2-3038-b86f-b98d60b23276,1,1,1,1,1,1,1,20250621,20250713
IDFM:TN:0b85c623-8127-3233-89e4-da2c72b4d49f,0,0,0,0,0,1,1,20250621,20250713
IDFM:TN:9ca29808-5e5c-333e-bbc0-17c370ce21ec,1,0,1,1,1,1,1,20250625,20250717
IDFM:TN:bb5fe508-3d21-368d-826d-4e6e98309224,1,1,1,1,0,1,1,20250621,20250717
IDFM:TN:2826d2c2-c390-3b5b-b5f4-18c6d888e12c,1,1,1,1,1,1,1,20250623,20250717
IDFM:TN:19338223-677b-3f23-898c-c6d602e835ce,1,1,1,1,1,1,1,20250621,20250717
IDFM:TN:0c11274d-0f96-3db6-9a7e-9fc905660fb7,1,1,1,1,0,1,1,20250623,20250717
IDFM:TN:900e8d36-ad94-3c7f-829e-df9880138859,1,1,1,1,1,1,1,20250623,20250717
IDFM:TN:95c9fbaf-72b9-35b7-b91f-5c652217bc97,0,0,0,0,1,0,0,20250627,20250704
IDFM:TN:db783331-b2c6-3e2f-8cc0-e61e679a409c,0,0,0,0,0,1,0,20250621,20250717
IDFM:TN:0578813b-cfcb-30b8-b193-478bef5d6b59,1,1,1,1,1,1,1,20250623,20250717
IDFM:TN:0150596d-0188-30d4-9561-818917fac3f5,1,1,1,1,1,1,1,20250623,20250717
IDFM:TN:4deb0b60-ec68-3df1-8d78-d96183950196,1,0,1,0,0,1,1,20250621,20250716
IDFM:TN:3b10ccf5-3bbd-37e9-be20-1ed37b8ea26d,1,1,1,1,1,0,0,20250623,20250711
IDFM:TN:127a2cdf-9187-374c-9351-13eccfb982d4,1,1,1,1,1,1,1,20250623,20250629
IDFM:TN:0086eced-a1d6-3dcb-86ea-3cacbfdc802b,1,1,1,1,1,0,0,20250623,20250704
IDFM:TN:a69f1ce2-89e6-3f38-85da-1a94ee88f05f,1,1,1,1,1,0,0,20250623,20250707
IDFM:TN:612ee76b-8ee1-304c-879b-53a24d2138dc,1,0,0,0,1,0,0,20250623,20250704
IDFM:TN:0bac37e7-bcdd-338a-80c2-a068d043cabf,1,1,1,1,1,0,0,20250623,20250717
IDFM:TN:00092feb-e26f-35d4-91f1-ec90bf979122,1,1,1,1,1,0,0,20250623,20250717
IDFM:TN:d56be810-9fb0-3ad7-a19d-a240cd151232,1,1,1,1,1,1,0,20250621,20250717
IDFM:TN:0a9cbc1b-2f2e-340d-a8ff-02b9cfcc599a,1,1,1,1,1,0,0,20250621,20250717
IDFM:TN:27a250b7-1748-321e-8c28-3d9893c1fab0,1,0,1,1,1,0,0,20250623,20250717
IDFM:TN:2e0e4ddd-e580-3b6e-b447-9fb008895dea,1,1,1,1,1,1,1,20250623,20250711
IDFM:TN:9837f3dc-33a4-3eaf-9942-c67369ae755f,1,1,1,1,1,0,0,20250622,20250717
IDFM:TN:8bf5d653-335d-322f-94c6-19d493861fb0,1,1,1,1,1,0,0,20250623,20250714
IDFM:TN:869cbde4-a3b8-3b3d-b6bc-6d2203380002,0,0,0,1,1,0,0,20250626,20250717
IDFM:TN:cebbc899-1afb-373b-b62e-ee16df2e27fb,1,1,1,1,1,0,0,20250623,20250717
IDFM:TN:ec8cb60d-ffd5-3fb6-b5b0-5b68d6ccdb2a,0,1,1,1,0,0,0,20250621,20250717
IDFM:TN:df062a21-c7c1-32f5-a4b4-37ac69f8424c,1,1,1,1,1,0,0,20250621,20250711
IDFM:TN:b5ed77b8-0360-3c36-a916-bb37e004173c,1,0,1,1,1,0,0,20250623,20250717
IDFM:TN:b868b36e-7c5e-301a-a440-bfb0d49af7e6,1,1,1,1,1,0,0,20250623,20250717
IDFM:TN:e9e3a81a-fe2c-344c-9855-b382463bb7a1,1,1,1,1,1,1,1,20250621,20250717
IDFM:TN:9e330abf-6f35-37a7-8f60-6d4099a9da5d,1,1,1,1,1,1,1,20250621,20250717
IDFM:TN:06dd77fc-08a8-3e20-833b-dc117c5bd138,1,1,1,1,1,1,0,20250621,20250717
IDFM:TN:0a819fba-c010-3293-8cc7-6536ef509122,1,1,1,1,1,1,0,20250621,20250717
IDFM:TN:000ec7d7-5b70-38ae-9557-3a24ceb41e41,1,1,1,1,1,1,1,20250621,20250717
IDFM:TN:b7e369ad-bedb-3a24-87d8-4419bff7f7f7,1,1,1,1,1,0,1,20250622,20250717
IDFM:TN:04650291-2e60-362b-9bff-2a35de95a4a4,1,1,1,1,1,1,0,20250621,20250717
IDFM:TN:0db0bf06-2246-3633-97c2-3f516a918e08,1,1,1,1,1,1,1,20250621,20250713
IDFM:TN:017cb9d8-10c8-3b14-b586-64742db25d4d,1,1,1,1,1,1,1,20250621,20250717
IDFM:TN:bbc9eb1c-b5ed-39db-baf5-aac36c7c720d,1,1,1,1,1,0,1,20250622,20250713
IDFM:TN:001573f8-3f05-3c07-a39b-9a615e4164ec,1,1,1,1,1,0,0,20250623,20250717
IDFM:TN:00132a62-306d-3631-b160-30d349483184,1,1,1,1,1,0,0,20250623,20250627
IDFM:TN:0311fb5a-a84e-37b3-b09d-2e71bd69fc0f,0,0,0,0,0,1,0,20250621,20250621
IDFM:TN:00182078-5de3-3744-bebf-0eb590c68254,1,1,1,1,1,1,1,20250621,20250714
IDFM:TN:a9d704a0-8680-31ba-970f-d1ad0722a251,1,1,1,1,1,0,0,20250627,20250711
IDFM:TN:d1846984-be4b-3207-bec5-8b4ec8df7777,1,1,1,1,1,0,0,20250623,20250711
IDFM:TN:6d544f8a-24b2-3bd1-83a5-9fa0a0a27aff,1,1,1,1,1,0,0,20250623,20250717
IDFM:TN:38bd0c9d-ce74-3853-b0fe-9297da6e239c,0,1,1,1,1,1,0,20250621,20250712
IDFM:TN:580a3394-6ebf-363a-852d-371e7305919c,0,0,1,1,0,1,0,20250621,20250717
IDFM:TN:00f72d7c-38d2-3aec-aa22-3be7d1c12a2f,0,1,1,1,0,1,1,20250621,20250717
IDFM:TN:36420ca4-61dc-3caa-8fc5-94e96a0625cd,1,1,1,1,0,1,1,20250621,20250717
IDFM:TN:002563a6-a788-34f6-9e0c-2a265dbfbe2a,1,1,1,1,1,0,0,20250623,20250711
IDFM:TN:00288975-dc41-3155-a5e5-77033328a7a0,1,1,1,1,1,1,1,20250621,20250717
IDFM:TN:51e8a841-aac5-372b-a0cd-0629e6cc476b,0,0,0,0,0,0,1,20250621,20250713
IDFM:TN:e3adbaff-c2a0-3499-8df7-0148aaeb6f4e,0,0,0,0,0,0,1,20250621,20250711
IDFM:TN:0a55cce9-1207-3365-9f18-c15551c67008,1,0,0,0,0,1,1,20250621,20250714
IDFM:TN:dc26c867-6288-3d11-a027-21fd56b56344,1,1,1,1,1,0,0,20250623,20250717
IDFM:TN:c58ac06c-7f1d-3e4b-ab54-bdd92bcc685e,1,1,0,0,0,1,1,20250621,20250715
IDFM:TN:5a65acdc-c513-383c-9f6d-13408e1a7c80,1,1,0,0,0,1,1,20250621,20250715
IDFM:TN:1f1cc2ea-df9a-3771-ac76-339332364369,1,1,1,1,1,1,0,20250621,20250717
IDFM:TN:0f9bdac3-ec74-38d4-b26d-4a1f79b7b25f,0,0,0,0,0,1,0,20250621,20250711
IDFM:TN:a53e9cd6-0d17-3595-9f9d-9be20be95165,0,0,0,0,0,1,1,20250621,20250712
IDFM:TN:2faa6055-0995-3abc-b8c7-712bb100278b,0,0,0,0,0,1,1,20250621,20250705
IDFM:TN:48ee0b0a-3007-344b-9025-41f4c337f5c7,0,1,1,1,1,1,0,20250621,20250705
IDFM:TN:7f838b0e-73dc-3d7c-adb0-920ad284b93f,1,1,1,1,1,0,0,20250623,20250717
IDFM:TN:0fbad451-3b03-3e78-a8e5-1fa9a7a718fb,1,1,1,1,0,0,0,20250623,20250717
IDFM:TN:2a2ce646-ee2a-37c4-a0e9-abf7540af091,0,1,1,1,1,1,0,20250621,20250717
IDFM:TN:75821362-9444-38fb-84b1-9293392d8fa3,1,1,1,1,1,0,0,20250623,20250714
IDFM:TN:1cc5db64-6a15-3afe-b379-49425df46eb3,0,1,1,1,1,1,0,20250621,20250717
IDFM:TN:0430a695-8d09-3ced-ae78-669a215f40e9,1,1,1,1,1,1,1,20250621,20250714
IDFM:TN:02126d00-6038-3c7f-9b10-53c565ae1a93,1,1,1,1,1,1,1,20250621,20250717
IDFM:TN:91279d69-43b4-33ba-80ca-d41b9b6a153a,1,1,1,1,1,0,1,20250622,20250717
IDFM:TN:03bbffc1-baef-3fad-b80b-b3f62ecc1c4d,1,1,1,1,1,1,1,20250621,20250717
IDFM:TN:cb49e9c3-7e1e-3b84-943e-ceaf72c47a6d,1,1,1,1,1,1,1,20250621,20250717
IDFM:TN:af42e449-f45d-3d16-a9a4-cca4207fc6a3,1,1,1,1,0,1,1,20250621,20250717
IDFM:TN:1684e9f2-d36f-392a-ab61-ffa383325274,1,1,1,1,1,1,1,20250621,20250717
IDFM:TN:0d089031-4e04-3337-903d-e21e417479c3,1,1,1,1,1,1,1,20250621,20250717
IDFM:TN:9f1339d4-e9f3-356f-8c53-ed741d503a39,1,1,1,0,0,1,1,20250621,20250714
IDFM:TN:667a416a-cbba-33a4-8e3c-357ca7aec0a6,1,1,1,1,1,1,0,20250621,20250717
IDFM:TN:41ec0461-c16f-3a19-a682-5532e7ed28aa,1,1,1,1,1,0,0,20250621,20250717
IDFM:TN:a2493579-0743-318c-8b46-c43970f37d12,1,1,1,1,0,0,0,20250623,20250710
IDFM:TN:5f70345e-4ba3-3da2-83e6-ca4716d6bee6,1,1,1,1,1,1,1,20250621,20250717
IDFM:TN:00244aae-cf26-3a94-bf1a-5e8ad1c402bc,0,0,0,0,0,1,1,20250621,20250714
IDFM:TN:1417d8a8-c778-3665-ac06-cf94e5380d3d,1,1,1,1,1,1,0,20250621,20250717
IDFM:TN:c027daa6-1bf7-3e8c-a1d8-7521a3a80ca5,1,1,1,1,0,1,0,20250621,20250714
IDFM:TN:3708f8d1-846c-31e8-87ae-f7a355e05d55,1,1,1,1,1,0,1,20250621,20250714
IDFM:TN:9855eab9-990d-3f0b-afeb-46ce1ced3522,1,1,1,1,1,0,1,20250621,20250714
IDFM:TN:73485082-7e42-32aa-9992-a4b9a6acfd0c,1,1,1,1,1,0,1,20250621,20250717
IDFM:TN:68ded817-27bb-3619-8784-b376142a5336,1,1,1,1,1,0,0,20250621,20250717
IDFM:TN:d96706d0-7990-37e8-8254-87100b66f87c,1,1,1,1,1,1,0,20250621,20250714
IDFM:TN:68e8d1a7-7a4f-3fb3-86de-fa628b863a4f,1,1,1,1,1,0,1,20250622,20250717
IDFM:TN:bce9ce90-5438-3e5d-8cd7-15ce10fdc205,0,0,0,0,0,1,1,20250621,20250714
IDFM:TN:4e1c646d-62fe-3bee-bfd4-a69c41a8aa64,1,1,1,1,1,1,0,20250621,20250717
IDFM:TN:a6fe3c7b-ba35-339f-81d9-8174f8302018,1,1,1,0,0,1,1,20250621,20250713
IDFM:TN:282c5d18-9e9f-3a7c-9214-52c82e9f64b3,1,1,1,1,0,1,0,20250621,20250717
IDFM:TN:2a7f7c2e-b903-3591-b480-3c553c277b55,0,0,0,0,0,1,1,20250621,20250717
IDFM:TN:293886eb-e24f-3b6c-9c31-e0fba3eff15d,0,1,1,1,1,0,0,20250624,20250717
IDFM:TN:cd525ae6-30bb-351c-b328-ee6202eecb61,1,1,1,1,1,1,1,20250621,20250717
IDFM:TN:038de2b2-2d1f-35e4-a1b1-4e86ed252e8f,1,1,1,1,1,1,1,20250621,20250717
IDFM:TN:134abf0a-1008-35a1-b1b3-11a9b66f5ef0,1,1,1,1,1,1,1,20250621,20250717
IDFM:TN:fcc2d8aa-fefc-3928-b911-edd95e999144,1,1,1,1,1,1,1,20250621,20250717
IDFM:TN:943c53bd-b481-3a6a-9211-4259aa360c3b,0,0,0,0,0,1,1,20250621,20250713
IDFM:TN:09012256-c9d3-3f86-8067-a3e2be4b1568,1,1,1,1,1,1,0,20250621,20250712
IDFM:TN:8f83ca88-d1a4-3c5c-8ba0-a9adc4b9f5e9,1,0,1,1,1,1,1,20250621,20250717
IDFM:TN:050fa9bc-3ad1-3e37-814d-752051c8437f,0,0,0,0,0,1,1,20250621,20250717
IDFM:TN:0d79063d-155a-3ef7-b232-d185297ae0fb,0,1,0,0,0,0,0,20250701,20250701
IDFM:TN:20131813-3d07-3e67-a313-ad25fdd89156,0,1,0,0,0,0,0,20250715,20250715
IDFM:TN:24521ff9-cef3-3784-98b2-072faa05d4e0,1,1,1,1,0,1,1,20250621,20250717
IDFM:TN:8ab9afcc-d8b2-3ef9-b8a0-ab600217b423,1,1,1,1,1,1,1,20250621,20250717
IDFM:TN:16898d12-70b3-31b4-919d-7020bcab266b,1,1,1,1,1,1,0,20250621,20250712
IDFM:TN:01917663-e410-3830-a54f-fb9e270ff9e8,1,0,1,1,1,0,0,20250623,20250711
IDFM:TN:07f6ab48-da53-3832-9c94-4eb470ed2086,1,1,1,1,1,0,0,20250621,20250714
IDFM:TN:d13f2265-4192-3b6b-a8dd-538c55389c8f,1,1,1,1,1,0,0,20250621,20250712
IDFM:TN:cc82cdb6-545a-3e02-bb3d-63b9701c9a29,1,1,1,1,1,0,0,20250623,20250708
IDFM:TN:016f0876-e310-375e-8e2f-72f2cd3f48e4,1,1,1,1,1,0,0,20250630,20250717
IDFM:TN:20591325-83b9-396d-a63e-e7ccc6d3b9cd,0,1,1,1,0,0,0,20250715,20250717
IDFM:TN:0a294488-5730-355c-8785-859e88943e50,1,1,1,1,1,0,1,20250622,20250717
IDFM:TN:0219880b-b5ac-3a25-bc69-17451e3a5721,1,1,1,1,1,1,1,20250621,20250717
IDFM:TN:20d72fde-f6b2-3c25-9945-393aa55685b3,1,1,1,1,1,1,1,20250621,20250717
IDFM:TN:1dd77da1-d4bb-38d3-841e-d755f91eb037,1,1,1,1,1,1,1,20250621,20250711
IDFM:TN:095e8c3a-130e-30e2-9b58-771f1a9e31d9,0,1,1,1,1,0,0,20250624,20250711
IDFM:TN:0221805b-3265-3c61-b90f-025fcc98ad63,1,1,1,1,1,1,0,20250621,20250711
IDFM:TN:ee3709c9-583b-3614-bc20-beef7853ec02,0,1,1,1,1,1,0,20250621,20250717
IDFM:TN:525d10ff-f0f8-3e1e-8279-a23ec0f892f3,1,1,1,1,1,0,0,20250623,20250717
IDFM:TN:0ac397d3-eff7-3b7d-b9aa-7c344ef8cf99,1,1,1,1,1,0,1,20250622,20250717
IDFM:TN:214c121f-c51b-3c4d-a514-a13ef13101a5,1,1,1,1,1,1,0,20250621,20250717
IDFM:TN:820ed578-28e7-3130-bdea-45d14aff3397,1,1,1,1,0,0,0,20250623,20250717
IDFM:TN:3d429212-ad8a-327d-9f47-ce3e118e0293,1,1,1,1,1,1,1,20250621,20250717
IDFM:TN:147b154f-069f-3303-9e6a-1909f3cd8ad3,0,0,0,0,0,1,0,20250621,20250628
IDFM:TN:08fd3440-1991-3bb3-b0cc-15849d50a394,1,1,1,1,1,0,0,20250621,20250717
IDFM:TN:0639d72b-cf88-305c-a694-cc298941b785,1,1,1,1,1,0,0,20250621,20250717
IDFM:TN:147d83c8-da6a-3d0f-846d-c8982b85ca3a,1,1,1,1,1,1,1,20250622,20250717
IDFM:TN:6b067955-8ede-36af-b282-f60721156c52,1,0,0,0,0,0,1,20250621,20250715
IDFM:TN:05bdf665-45f0-3b2e-8642-0383ba283002,1,1,1,1,0,1,1,20250621,20250717
IDFM:TN:1442c753-ac22-324c-8926-64c5404f100b,0,0,0,0,0,1,1,20250621,20250714
IDFM:TN:662f0f7c-e56d-3078-8e4e-d623bf0d8d55,1,1,1,1,1,0,0,20250621,20250717
IDFM:TN:abd1bfe4-b0f1-33ae-be68-7c859cb4d890,1,1,1,1,0,1,1,20250621,20250717
IDFM:TN:5a9f3970-c2c4-3726-b9e0-ded69f826e43,1,0,0,0,0,0,0,20250621,20250715
IDFM:TN:07214a9d-7d19-3bbf-9e0d-748acfc1e81a,1,1,1,1,1,1,1,20250621,20250717
IDFM:TN:014de3f7-1418-32ea-b6c7-3ef4fca257b1,1,1,1,1,1,0,0,20250623,20250717
IDFM:TN:0c4dc860-e90a-3309-9fe7-a5210454eb4a,1,1,1,1,1,1,0,20250621,20250717
IDFM:TN:309b94d4-0a37-3082-9eb9-6ae2eb43245d,1,1,1,1,1,0,1,20250622,20250717
